1000
0
1
2
3
4
5
6
7
8
9
10
11
12
13
14
15
16
17
18
19
20
21
22
23
24
25
26
27
28
29
30
31
32
33
34
35
36
37
38
39
40
41
42
43
44
45
46
47
48
49
50
51
52
53
54
55
56
57
58
59
60
61
62
63
64
65
66
67
68
69
70
71
72
73
74
75
76
77
78
79
80
81
82
83
84
85
86
87
88
89
90
91
92
93
94
95
96
97
98
99
100
101
102
103
104
105
106
107
108
109
110
111
112
113
114
115
116
117
118
119
120
121
122
123
124
125
126
127
128
129
130
131
132
133
134
135
136
137
138
139
140
141
142
143
144
145
146
147
148
149
150
151
152
153
154
155
156
157
158
159
160
161
162
163
164
165
166
167
168
169
170
171
172
173
174
175
176
177
178
179
180
181
182
183
184
185
186
187
188
189
190
191
192
193
194
195
196
197
198
199
200
201
202
203
204
205
206
207
208
209
210
211
212
213
214
215
216
217
218
219
220
221
222
223
224
225
226
227
228
229
230
231
232
233
234
235
236
237
238
239
240
241
242
243
244
245
246
247
248
249
250
251
252
253
254
255
256
257
258
259
260
261
262
263
264
265
266
267
268
269
270
271
272
273
274
275
276
277
278
279
280
281
282
283
284
285
286
287
288
289
290
291
292
293
294
295
296
297
298
299
300
301
302
303
304
305
306
307
308
309
310
311
312
313
314
315
316
317
318
319
320
321
322
323
324
325
326
327
328
329
330
331
332
333
334
335
336
337
338
339
340
341
342
343
344
345
346
347
348
349
350
351
352
353
354
355
356
357
358
359
360
361
362
363
364
365
366
367
368
369
370
371
372
373
374
375
376
377
378
379
380
381
382
383
384
385
386
387
388
389
390
391
392
393
394
395
396
397
398
399
400
401
402
403
404
405
406
407
408
409
410
411
412
413
414
415
416
417
418
419
420
421
422
423
424
425
426
427
428
429
430
431
432
433
434
435
436
437
438
439
440
441
442
443
444
445
446
447
448
449
450
451
452
453
454
455
456
457
458
459
460
461
462
463
464
465
466
467
468
469
470
471
472
473
474
475
476
477
478
479
480
481
482
483
484
485
486
487
488
489
490
491
492
493
494
495
496
497
498
499
500
501
502
503
504
505
506
507
508
509
510
511
512
513
514
515
516
517
518
519
520
521
522
523
524
525
526
527
528
529
530
531
532
533
534
535
536
537
538
539
540
541
542
543
544
545
546
547
548
549
550
551
552
553
554
555
556
557
558
559
560
561
562
563
564
565
566
567
568
569
570
571
572
573
574
575
576
577
578
579
580
581
582
583
584
585
586
587
588
589
590
591
592
593
594
595
596
597
598
599
600
601
602
603
604
605
606
607
608
609
610
611
612
613
614
615
616
617
618
619
620
621
622
623
624
625
626
627
628
629
630
631
632
633
634
635
636
637
638
639
640
641
642
643
644
645
646
647
648
649
650
651
652
653
654
655
656
657
658
659
660
661
662
663
664
665
666
667
668
669
670
671
672
673
674
675
676
677
678
679
680
681
682
683
684
685
686
687
688
689
690
691
692
693
694
695
696
697
698
699
700
701
702
703
704
705
706
707
708
709
710
711
712
713
714
715
716
717
718
719
720
721
722
723
724
725
726
727
728
729
730
731
732
733
734
735
736
737
738
739
740
741
742
743
744
745
746
747
748
749
750
751
752
753
754
755
756
757
758
759
760
761
762
763
764
765
766
767
768
769
770
771
772
773
774
775
776
777
778
779
780
781
782
783
784
785
786
787
788
789
790
791
792
793
794
795
796
797
798
799
800
801
802
803
804
805
806
807
808
809
810
811
812
813
814
815
816
817
818
819
820
821
822
823
824
825
826
827
828
829
830
831
832
833
834
835
836
837
838
839
840
841
842
843
844
845
846
847
848
849
850
851
852
853
854
855
856
857
858
859
860
861
862
863
864
865
866
867
868
869
870
871
872
873
874
875
876
877
878
879
880
881
882
883
884
885
886
887
888
889
890
891
892
893
894
895
896
897
898
899
900
901
902
903
904
905
906
907
908
909
910
911
912
913
914
915
916
917
918
919
920
921
922
923
924
925
926
927
928
929
930
931
932
933
934
935
936
937
938
939
940
941
942
943
944
945
946
947
948
949
950
951
952
953
954
955
956
957
958
959
960
961
962
963
964
965
966
967
968
969
970
971
972
973
974
975
976
977
978
979
980
981
982
983
984
985
986
987
988
989
990
991
992
993
994
995
996
997
998
999
0 221 421
0 681 155
1 573 929
1 478 805
2 643 958
2 948 777
2 88 608
2 118 486
2 398 86
2 773 253
3 167 922
3 760 736
3 256 814
3 129 319
3 544 128
3 426 733
4 177 703
4 897 976
4 306 466
5 221 818
5 989 560
5 718 511
5 102 167
5 650 118
5 130 32
5 21 730
5 490 531
5 556 598
6 725 802
7 400 928
7 186 455
7 638 756
7 192 710
7 575 267
8 863 282
8 805 346
8 63 773
8 328 18
8 225 206
8 85 203
9 684 702
9 664 828
9 612 917
9 80 61
9 220 442
10 585 232
10 674 278
10 986 886
10 293 738
10 802 462
10 78 100
11 208 638
11 395 175
11 142 138
12 432 443
12 529 617
12 438 316
12 193 429
12 523 38
12 451 119
12 379 572
12 845 529
12 850 573
13 412 140
13 823 773
13 458 943
13 145 312
13 222 10
13 607 676
13 623 205
14 571 59
14 141 263
14 870 766
14 80 850
15 948 893
15 590 264
15 379 545
15 712 136
15 632 727
15 819 744
16 972 44
16 637 766
16 864 5
16 205 787
16 677 591
16 832 896
16 128 185
16 739 53
17 319 810
17 249 679
17 910 736
17 639 877
17 167 822
17 630 572
17 972 893
18 495 39
18 829 952
18 333 455
18 395 616
18 148 240
18 192 191
18 995 438
18 766 728
19 848 120
20 287 951
20 145 996
20 494 721
20 776 839
20 910 38
20 992 867
20 960 130
20 146 453
21 16 475
22 746 241
22 74 316
22 942 285
22 50 387
22 161 898
23 244 13
24 973 750
24 416 459
24 774 170
25 427 765
25 976 174
25 633 246
25 28 841
25 166 871
26 84 554
26 369 350
26 203 444
26 24 714
26 876 561
26 98 602
26 905 220
26 64 812
26 824 408
27 535 253
27 862 219
27 798 647
27 872 798
28 284 529
29 478 165
30 608 731
30 742 876
30 910 659
30 281 380
30 321 929
30 8 690
30 640 948
30 87 412
30 173 619
31 299 218
31 941 189
31 128 344
31 623 655
31 852 905
31 479 545
31 210 388
31 152 184
31 821 425
32 386 424
32 489 312
32 868 320
32 571 266
32 45 273
32 432 911
32 266 87
32 316 519
33 834 409
33 114 267
33 232 660
33 319 734
33 1 39
33 713 9
33 92 731
34 112 603
34 236 64
34 284 797
34 889 965
35 131 799
35 971 357
35 389 838
35 960 537
35 24 859
36 403 598
37 474 854
37 768 554
37 317 988
37 616 643
37 545 509
37 247 565
37 198 307
37 470 553
37 325 211
38 394 961
39 841 203
40 310 27
41 391 445
41 432 712
41 589 553
41 301 754
41 324 872
42 81 174
42 226 919
43 128 493
43 200 471
43 952 498
43 145 99
43 413 72
43 472 508
44 27 410
44 6 501
44 247 751
45 854 152
45 783 718
45 449 332
45 673 776
45 30 233
45 493 463
45 640 402
45 467 761
46 954 231
46 106 258
46 582 865
47 379 665
47 183 891
47 155 762
47 334 304
48 61 46
48 452 907
48 144 978
48 222 467
48 786 474
48 736 97
49 717 271
49 267 761
49 690 715
49 100 985
50 929 36
50 317 237
50 11 913
50 919 195
50 71 244
50 431 84
51 820 631
51 908 880
51 375 651
51 564 716
51 907 404
51 968 344
51 481 517
51 863 382
52 243 794
52 333 106
52 540 44
52 98 706
52 746 320
52 518 260
52 63 809
53 860 349
53 801 633
53 357 573
53 490 266
53 230 650
53 663 834
53 252 265
54 15 943
54 741 262
54 159 817
54 944 603
54 644 666
54 749 635
54 343 696
54 566 58
54 371 152
55 595 494
56 994 73
56 781 942
57 771 377
57 209 781
57 314 527
57 481 348
57 439 323
57 355 46
57 635 2
58 538 238
58 996 715
59 859 344
59 422 754
59 120 550
59 355 23
59 549 415
59 846 325
59 138 901
60 98 519
61 388 735
61 913 140
61 661 354
61 33 752
61 402 699
61 876 326
62 346 930
62 81 395
62 420 640
62 178 270
62 658 138
63 137 712
63 95 398
63 364 298
63 312 873
63 492 932
63 70 657
64 721 553
64 309 494
64 926 674
64 471 270
64 790 445
65 449 402
65 642 489
65 169 253
66 649 108
66 453 303
66 937 216
66 536 330
66 967 193
66 147 6
66 230 732
66 933 764
67 806 392
67 109 0
67 852 504
67 42 294
67 509 504
67 873 40
67 684 239
67 650 0
68 183 862
68 933 296
69 274 306
69 482 827
69 693 354
70 559 243
70 99 791
70 376 240
70 302 97
70 239 77
70 760 201
70 143 635
70 783 492
70 94 589
71 801 298
71 661 663
72 71 286
72 774 216
72 970 396
72 738 119
72 42 21
72 333 378
72 142 186
72 233 848
73 139 566
73 248 791
73 320 270
73 251 563
73 565 484
73 527 958
73 980 32
74 852 588
74 797 648
74 693 334
74 641 878
74 43 281
74 352 559
75 851 1
76 694 804
77 120 662
78 110 777
78 126 50
79 117 340
79 344 589
79 977 449
79 365 637
79 192 41
79 600 447
80 42 301
80 653 222
80 990 906
80 314 58
80 799 646
80 191 937
81 486 669
81 475 718
81 179 502
81 802 137
81 622 797
81 763 633
82 938 457
82 54 321
82 494 164
82 174 654
82 484 244
82 895 10
82 767 377
82 262 497
82 750 613
83 578 27
83 22 702
83 74 63
83 435 309
83 386 544
84 692 938
84 529 514
84 76 77
84 155 525
84 331 653
84 201 822
85 294 485
85 409 410
85 952 727
85 258 328
85 642 181
85 294 83
85 412 112
86 84 507
86 914 220
86 219 367
86 467 425
86 324 564
86 164 985
86 503 46
86 877 64
86 562 85
87 628 605
88 765 829
88 156 386
89 551 984
89 248 389
89 101 211
89 11 204
89 436 138
90 339 17
91 508 199
91 389 373
91 962 165
91 825 945
91 884 469
91 944 406
91 691 528
92 996 99
93 862 362
93 86 487
93 363 458
93 182 187
94 990 993
94 804 902
94 841 834
94 708 703
94 164 111
94 407 792
94 550 594
94 912 314
95 72 376
95 448 972
95 943 429
95 792 976
95 202 87
95 209 364
95 913 631
95 531 466
95 706 399
96 465 77
96 989 821
96 729 226
96 995 823
96 35 998
96 5 610
96 715 20
97 979 767
97 493 222
97 329 613
98 444 536
98 242 307
99 940 184
100 580 846
100 899 49
100 522 621
100 902 762
100 981 534
100 179 485
100 900 745
100 221 340
101 453 313
102 196 65
102 551 896
102 122 385
102 427 533
102 797 260
103 138 21
103 793 912
103 755 541
103 266 87
103 842 936
103 135 249
103 29 376
104 394 904
105 544 731
105 65 137
105 625 282
105 267 978
105 907 779
106 177 849
106 930 417
106 167 611
106 775 553
106 871 767
106 107 450
106 64 515
106 634 415
106 235 806
107 912 705
107 919 520
107 662 177
107 354 482
107 894 400
107 567 431
107 345 118
107 989 390
108 24 969
109 577 3
109 780 297
109 882 556
109 584 715
109 720 942
109 295 668
110 206 635
110 991 944
110 998 239
110 230 473
111 613 796
111 763 860
111 880 275
111 794 214
111 725 766
111 396 423
111 672 846
111 440 209
112 997 36
112 516 734
112 107 989
112 678 791
112 961 401
112 285 97
112 478 649
112 300 784
113 135 986
113 884 343
113 154 267
113 694 11
113 929 192
113 816 398
113 379 280
113 283 476
114 672 732
114 953 920
114 172 425
114 687 426
114 433 1
115 85 819
115 273 444
115 489 691
115 15 224
115 47 174
115 674 216
115 615 776
116 890 102
116 595 353
117 271 214
117 897 834
117 284 817
118 59 605
118 497 963
118 211 786
118 206 940
118 439 284
118 298 688
119 924 180
119 723 858
119 823 123
119 4 652
119 607 918
119 415 515
119 509 674
119 697 893
119 546 739
120 34 258
120 401 862
121 668 776
121 771 322
121 12 22
121 706 762
121 454 835
121 680 548
121 520 993
122 749 183
123 270 439
123 600 206
123 581 696
123 301 236
123 566 327
124 388 631
124 350 381
124 38 594
125 47 990
125 507 91
125 409 293
125 940 840
125 184 539
125 930 576
126 202 11
126 791 384
126 725 350
126 390 280
127 778 348
127 914 724
128 298 377
128 674 38
128 511 754
128 506 655
128 892 797
128 855 482
128 298 970
129 249 702
129 94 90
130 442 336
131 769 108
131 614 798
131 741 392
132 657 578
132 589 239
132 782 743
132 279 836
132 567 587
132 147 246
133 139 808
133 125 442
133 922 968
133 232 311
133 738 267
133 39 805
133 439 632
134 374 22
134 79 884
134 616 991
134 435 243
135 829 607
135 937 631
135 599 659
135 639 291
136 142 655
136 773 958
137 190 443
137 386 265
137 913 785
137 918 292
137 154 647
137 425 37
137 652 666
137 853 681
138 24 600
138 689 499
139 97 80
139 997 948
139 801 771
139 235 630
139 827 947
139 908 407
140 943 195
140 627 81
140 129 433
140 116 887
140 845 947
140 215 803
140 521 447
141 511 749
142 251 85
142 192 611
142 127 721
142 930 380
142 558 6
142 40 48
142 583 437
142 937 161
143 746 302
143 484 742
143 632 220
143 342 964
143 863 470
143 330 477
143 378 803
143 605 424
143 910 442
144 845 883
144 929 855
144 218 794
144 975 434
145 85 888
145 611 167
146 743 52
146 867 568
146 458 461
146 115 370
146 580 610
147 840 653
147 177 118
147 257 723
147 686 812
147 264 718
147 344 716
147 361 110
147 753 766
148 572 590
148 552 13
149 84 386
150 117 774
150 823 154
150 917 371
150 516 70
150 138 721
150 340 386
150 408 794
150 717 593
150 701 362
151 56 894
151 502 296
152 270 369
152 199 12
152 715 736
153 208 961
153 634 898
154 273 69
154 196 740
154 639 189
154 410 634
154 629 467
154 786 376
154 797 422
154 595 964
154 707 178
155 864 399
156 512 296
156 396 632
156 756 243
156 144 568
156 765 187
156 139 857
156 709 231
157 696 473
157 151 811
157 113 574
157 172 756
157 449 874
157 709 956
157 733 98
157 99 386
158 821 406
158 704 370
159 680 653
159 815 663
159 700 926
160 704 92
160 669 117
161 895 455
161 464 14
161 113 724
162 194 512
162 423 262
162 851 945
162 793 119
162 277 779
163 284 436
164 993 120
164 100 128
164 433 476
164 345 758
164 667 944
164 140 877
165 457 717
165 680 49
166 571 496
166 854 957
166 966 247
166 695 522
167 122 810
167 452 392
167 368 127
167 770 558
167 237 567
167 486 300
167 507 373
167 384 317
167 653 949
168 515 730
168 355 486
168 694 239
168 808 296
169 769 306
169 170 430
169 27 736
169 956 951
170 663 886
170 448 621
170 313 337
170 970 673
170 131 718
170 415 67
170 717 225
170 267 770
170 847 407
171 585 752
171 494 935
171 533 851
171 212 54
171 837 610
171 385 731
171 947 295
171 963 312
171 636 952
172 980 111
172 81 898
172 212 244
173 372 897
174 877 132
174 990 694
174 401 199
174 472 401
174 698 866
175 770 156
175 604 291
176 490 660
176 279 575
176 536 251
176 912 904
176 411 400
176 662 834
176 445 427
176 698 475
177 778 847
177 353 319
177 436 208
177 918 730
177 395 277
177 282 192
177 752 546
178 424 840
178 767 105
179 413 292
179 327 856
179 332 159
179 505 143
179 377 881
179 364 838
180 222 527
180 759 806
180 586 395
180 971 335
180 48 687
180 38 508
180 449 356
181 859 439
181 941 138
182 820 63
183 778 59
183 684 119
183 968 368
183 986 783
183 292 337
184 759 928
184 690 248
185 972 380
185 25 177
185 598 905
185 634 165
185 108 407
186 820 165
186 865 656
186 524 407
186 445 553
186 634 345
186 843 958
186 175 889
186 306 267
187 142 851
187 582 396
187 71 83
187 182 159
187 551 950
188 831 801
188 683 498
188 463 667
188 189 232
188 964 325
188 139 293
188 318 926
188 48 438
188 307 443
189 165 839
189 448 513
189 32 473
189 853 63
189 254 760
189 713 172
189 583 583
190 889 535
191 33 943
191 455 704
191 173 976
191 571 443
191 546 334
191 154 251
191 308 464
192 277 708
193 844 547
193 219 710
193 169 386
193 500 382
194 985 989
194 206 628
194 192 828
194 894 741
194 484 485
194 314 293
194 465 833
194 455 682
195 731 816
195 34 928
196 575 220
197 235 542
197 553 735
197 913 539
197 674 192
197 642 580
198 371 245
198 916 722
198 844 287
198 805 586
198 799 846
198 619 961
198 884 514
199 671 928
199 762 655
199 898 331
199 852 99
199 851 701
199 290 925
199 158 640
200 175 104
200 381 918
200 721 952
200 381 951
201 52 857
201 958 784
201 77 680
201 937 559
202 19 844
202 66 992
202 608 888
202 79 691
202 530 320
202 561 760
202 983 163
202 79 944
203 998 848
203 876 247
203 298 661
203 251 325
203 989 206
203 279 377
204 615 823
204 388 598
204 457 78
204 20 255
204 734 504
204 232 301
204 888 776
204 286 714
204 257 865
205 473 896
205 37 899
205 949 191
205 453 699
205 589 238
206 642 413
206 514 590
206 767 878
207 532 287
208 510 395
208 235 645
208 682 676
208 456 147
209 929 126
209 737 11
209 540 103
209 928 486
209 625 63
209 875 376
209 686 549
210 372 423
210 776 827
211 115 282
211 202 940
211 256 291
211 643 234
211 753 940
211 707 156
211 804 389
211 415 621
211 761 183
212 907 678
212 129 311
212 559 948
212 398 356
212 411 444
213 821 748
213 812 407
213 621 783
213 138 637
213 467 768
214 653 828
215 198 793
215 433 419
215 316 524
216 959 957
216 509 844
216 715 213
216 770 237
217 118 421
217 664 651
217 919 215
217 246 417
217 868 397
217 435 116
217 357 176
217 415 138
218 451 339
218 601 264
218 318 781
218 805 988
218 257 289
219 684 852
219 93 680
219 68 338
219 38 569
219 377 289
219 620 482
220 246 515
220 639 922
220 187 391
220 147 910
220 289 872
220 351 574
220 571 472
220 34 467
220 643 959
221 130 988
221 133 597
221 123 888
221 199 441
221 361 370
221 991 769
222 311 88
222 404 789
222 154 479
222 569 213
222 517 789
223 839 350
223 252 675
223 505 191
223 552 660
223 654 504
223 360 978
224 51 920
224 139 118
224 729 293
224 363 33
224 332 952
224 602 850
225 250 223
225 622 347
225 929 892
226 287 219
226 467 122
226 958 283
227 726 762
227 734 15
227 1 13
227 690 579
227 52 793
227 377 35
227 577 68
227 584 222
227 966 653
228 438 249
228 963 542
228 856 719
228 327 92
229 991 69
229 269 404
229 449 480
229 587 726
230 261 159
230 84 61
230 26 480
230 882 877
230 953 651
231 366 761
231 332 259
231 79 743
231 854 457
231 528 731
231 813 349
231 426 497
231 162 353
231 89 292
232 292 445
232 929 835
232 990 125
233 962 222
234 6 762
234 473 297
234 103 865
234 897 152
235 891 846
235 852 324
235 401 357
235 632 94
235 34 7
235 849 565
235 174 632
236 391 30
236 511 143
237 277 731
238 987 482
238 634 921
238 168 356
238 435 991
238 326 549
238 325 816
238 2 52
239 193 877
239 508 935
239 889 455
239 676 233
239 62 105
239 56 846
240 254 204
241 87 801
241 590 374
241 468 614
241 948 784
241 284 321
241 920 580
241 686 476
241 497 215
242 558 146
242 878 607
242 231 776
242 230 874
242 710 674
242 541 998
242 111 321
242 364 423
243 588 520
243 634 707
244 884 815
244 52 855
245 336 278
245 596 681
246 327 77
246 793 158
246 829 649
246 733 148
247 784 98
247 255 110
247 738 416
247 298 493
248 985 226
248 9 466
248 161 643
248 900 792
248 257 951
249 199 197
250 882 889
250 154 230
250 672 584
250 407 353
250 365 379
250 837 733
250 309 68
250 530 371
250 90 671
251 70 318
251 763 229
252 10 825
252 594 999
252 843 243
252 767 634
252 715 754
253 70 730
253 148 303
253 473 944
253 735 4
253 224 933
254 56 999
254 522 449
254 744 152
254 854 228
254 843 648
254 256 27
255 436 274
255 108 751
255 96 640
255 818 229
255 757 833
255 604 935
255 816 414
256 136 713
256 246 77
256 806 98
256 295 269
256 350 25
256 701 80
256 107 450
256 460 16
257 171 120
257 215 635
257 538 579
257 831 653
257 727 239
257 570 609
258 481 194
259 961 683
259 815 945
259 265 755
259 627 994
259 451 492
259 319 926
260 867 783
260 210 775
260 773 886
260 45 20
260 594 34
260 289 545
260 442 941
260 4 585
260 855 545
261 342 220
261 289 128
261 146 248
261 41 364
261 307 348
261 773 708
261 943 859
261 759 400
262 700 437
262 17 927
262 163 290
262 408 934
262 238 48
263 983 84
263 295 549
263 932 1
263 60 896
263 53 523
263 315 517
263 728 69
263 382 323
263 45 927
264 464 223
264 194 540
265 715 723
265 469 838
265 46 40
265 78 749
265 909 659
266 257 843
266 219 309
266 318 833
266 394 44
266 809 513
266 571 745
266 301 273
266 894 449
267 439 376
267 818 166
267 903 443
267 82 4
268 438 736
268 27 110
268 348 305
268 34 812
268 234 566
268 878 985
268 644 377
268 64 770
268 572 901
269 399 376
269 373 677
269 444 443
270 351 313
270 259 166
270 234 590
270 15 159
270 788 742
270 799 447
270 710 38
271 688 621
271 31 186
271 20 996
271 816 535
271 379 767
271 351 513
271 821 263
271 557 172
271 532 392
272 158 414
272 299 445
272 409 87
272 4 921
272 383 900
272 926 267
273 86 543
273 131 464
273 499 885
273 329 854
273 481 971
274 929 250
274 817 286
274 670 909
274 110 834
274 711 562
274 217 167
274 629 270
274 745 531
275 592 491
275 132 903
275 202 234
276 117 670
276 499 743
276 291 823
276 130 523
276 958 235
276 200 784
276 376 301
276 585 809
276 848 22
277 923 615
277 138 507
277 277 855
278 999 737
278 565 240
278 764 787
278 881 473
278 265 902
279 128 904
279 732 110
279 294 201
279 566 309
279 888 168
279 972 901
279 765 444
280 55 717
280 790 992
281 352 681
281 495 313
282 834 923
282 748 943
283 956 805
283 263 90
283 352 794
283 954 524
283 466 571
283 674 753
283 73 878
284 691 864
284 444 789
284 925 195
284 6 307
284 523 215
285 800 160
285 258 376
286 49 512
286 703 533
286 576 279
286 283 77
286 25 851
287 833 290
288 997 842
288 14 362
288 402 313
288 161 893
288 693 916
288 622 438
288 261 570
288 116 172
289 311 278
289 33 989
289 214 549
289 396 940
289 427 195
289 84 664
289 312 552
290 472 372
290 373 322
291 84 984
291 638 694
291 66 797
292 816 963
293 640 52
293 337 178
293 489 602
293 351 943
293 752 683
293 495 896
294 123 688
294 153 930
294 539 94
295 287 751
296 704 834
296 85 869
296 451 0
296 669 641
296 318 607
296 895 54
297 254 732
297 794 149
297 994 704
297 568 348
297 43 920
297 264 813
297 971 744
297 787 988
298 319 494
298 280 291
298 421 868
298 678 619
298 825 641
298 884 599
298 655 857
299 255 9
299 486 965
300 444 53
301 128 837
301 428 878
301 533 472
301 340 11
302 185 406
302 400 31
302 831 474
302 628 727
303 849 756
303 599 165
303 539 265
303 374 937
304 800 42
305 43 828
305 451 993
305 252 81
305 352 730
305 388 450
305 768 38
305 194 809
305 344 364
306 113 332
306 463 735
306 977 156
306 614 49
306 892 98
306 589 365
306 133 505
307 145 447
307 29 99
307 343 563
307 885 180
307 197 650
307 770 818
308 893 95
308 581 953
308 471 451
308 992 323
308 353 761
308 707 502
309 413 542
309 29 210
309 778 425
309 544 718
309 896 956
310 138 811
310 420 797
310 479 958
310 785 352
310 501 275
310 405 530
310 672 187
310 915 422
310 835 462
311 439 611
312 65 227
312 5 706
312 294 333
312 175 313
312 205 314
312 810 763
312 516 365
312 122 683
312 829 810
313 813 210
314 684 75
314 280 105
314 171 732
314 899 332
314 837 431
314 560 480
314 419 563
315 76 871
315 234 332
316 539 333
316 786 858
316 132 639
317 402 748
318 167 886
318 77 664
318 321 433
318 789 587
318 893 346
318 5 217
319 398 735
319 238 447
319 633 110
320 914 98
321 305 830
321 901 727
321 641 493
322 381 931
322 843 903
322 890 354
322 836 435
322 944 955
322 381 346
323 310 107
323 715 326
323 660 322
323 233 440
323 365 126
323 634 144
324 815 917
324 335 646
325 329 936
325 793 40
325 837 735
325 484 811
326 106 295
326 745 158
326 455 454
326 64 580
327 484 150
327 791 881
327 589 485
327 610 122
327 790 5
327 510 396
328 210 849
329 935 892
329 145 161
329 671 298
329 27 606
329 462 76
329 77 629
329 539 432
329 98 228
330 471 484
331 17 857
331 266 645
331 545 543
331 102 409
332 513 953
332 980 795
333 427 266
333 392 538
334 522 828
334 80 621
334 624 256
334 595 121
334 554 404
334 518 569
334 715 731
334 705 199
335 421 484
335 815 228
335 935 538
335 613 859
335 829 86
335 365 552
335 826 341
336 825 651
336 233 549
336 787 992
336 951 287
337 50 937
337 453 142
337 526 589
337 466 103
338 80 607
338 610 266
338 368 204
338 849 68
338 711 924
338 40 936
339 942 770
339 688 191
339 112 987
339 983 98
339 308 712
339 311 756
339 21 969
340 921 936
340 954 105
341 650 16
341 901 226
341 913 558
342 499 797
342 629 811
342 706 932
342 534 71
342 447 566
342 536 709
342 276 514
342 343 418
342 605 199
343 619 961
343 894 471
343 951 648
343 971 653
343 175 37
343 409 102
343 237 417
343 102 703
344 604 494
344 113 416
344 236 927
345 551 48
345 640 931
345 659 187
345 780 660
346 72 892
346 969 234
346 133 330
347 734 241
347 753 682
347 603 584
347 325 0
347 596 235
347 589 460
347 201 697
347 984 441
348 247 868
348 891 811
348 996 496
348 271 192
348 218 851
348 136 697
348 609 360
349 567 858
349 569 417
349 904 111
350 711 831
350 632 189
350 876 375
350 274 556
350 451 217
351 114 314
351 819 288
352 997 61
352 718 416
352 549 466
352 281 943
353 272 802
353 453 419
353 128 204
354 850 905
354 899 761
354 656 232
354 378 0
354 711 624
354 963 572
354 167 728
355 120 974
355 95 245
355 557 441
356 494 849
357 590 440
357 643 124
357 422 499
357 814 858
357 327 341
357 992 976
358 291 971
358 350 357
358 422 502
358 749 864
358 719 317
359 6 76
359 423 717
359 508 758
359 620 637
359 169 412
359 931 872
359 396 664
359 119 469
359 2 833
360 36 849
360 327 429
360 725 769
360 816 269
360 398 260
360 404 121
360 98 911
361 440 221
361 107 38
361 702 62
361 598 688
361 829 734
361 683 240
362 814 314
362 455 392
362 453 227
362 234 901
362 101 250
362 135 637
362 439 346
362 353 770
362 599 548
363 670 252
364 285 828
364 690 675
364 886 984
364 593 736
364 739 914
364 785 469
364 362 83
364 900 11
364 857 987
365 637 517
365 302 394
365 869 926
365 115 780
365 735 523
365 409 332
366 212 653
366 448 933
366 835 844
366 472 895
366 984 564
366 647 78
366 910 683
366 2 984
367 119 214
368 933 690
368 432 83
368 311 446
368 23 85
368 240 41
368 221 776
368 336 640
368 696 417
369 569 114
369 683 710
369 425 894
369 992 37
370 471 733
370 791 571
370 555 824
370 131 992
370 76 171
370 247 557
371 963 16
371 140 184
371 442 250
371 190 768
371 706 479
371 204 808
371 366 400
372 363 394
372 881 244
373 261 676
373 718 200
373 599 819
373 455 155
373 934 989
374 476 703
375 824 510
376 164 27
376 779 185
376 452 85
376 474 760
376 390 986
376 591 134
376 663 92
377 865 488
377 542 774
377 778 107
377 924 9
378 536 26
378 666 65
378 822 355
378 273 726
378 682 832
378 663 575
378 607 511
379 284 206
379 442 431
379 313 811
379 824 558
379 245 153
379 394 99
379 149 195
379 628 943
379 585 92
380 96 952
380 552 995
380 354 338
380 836 129
380 479 705
380 26 653
381 264 161
381 265 904
381 125 334
381 97 408
381 878 879
381 3 607
381 586 311
382 931 768
382 791 504
382 27 369
383 105 707
383 352 367
383 414 954
383 534 630
383 726 562
384 202 622
384 318 939
384 450 817
384 12 634
384 574 731
385 202 898
386 570 328
387 725 401
387 635 763
387 500 872
387 395 260
387 544 281
387 428 495
388 620 41
388 0 546
388 621 638
388 460 608
389 642 494
389 86 263
389 749 55
389 846 286
389 93 862
389 660 328
390 380 51
390 745 881
390 522 366
390 172 684
390 415 459
390 925 292
390 301 638
390 18 208
391 548 493
391 414 158
391 477 655
391 262 224
391 177 784
391 843 120
391 653 820
391 582 457
392 593 258
392 220 605
392 148 305
392 714 732
392 821 271
393 9 826
393 571 801
393 143 220
393 206 498
393 226 314
394 128 845
394 755 732
394 485 129
394 776 881
394 728 743
394 322 499
394 756 996
394 93 24
394 312 242
395 189 560
395 475 586
395 675 541
395 554 938
395 643 271
395 827 836
395 422 963
395 988 832
396 277 912
396 221 437
396 300 826
396 992 845
396 405 665
396 49 575
396 39 630
396 755 249
396 967 10
397 830 497
397 76 55
397 582 716
397 449 221
398 831 664
398 789 786
398 315 795
398 787 70
398 647 904
398 583 799
398 97 768
398 265 225
398 192 816
399 705 211
399 435 664
399 293 283
399 864 128
399 233 459
399 704 42
399 144 431
399 637 998
399 533 384
400 449 435
400 865 912
400 16 370
400 444 373
401 540 359
401 918 983
401 165 317
401 367 681
401 109 100
402 6 526
402 671 649
402 869 52
402 2 417
402 134 197
402 955 72
402 514 987
402 171 710
402 415 564
403 589 543
404 472 411
404 380 146
404 695 418
404 19 193
405 279 218
405 729 478
405 44 943
405 43 501
406 129 39
406 156 547
406 851 188
406 656 427
406 623 128
407 959 66
407 349 128
407 549 766
407 885 243
407 637 747
407 670 605
407 570 616
407 318 612
407 868 97
408 53 164
408 372 530
408 989 181
408 381 973
409 72 975
409 544 512
409 84 618
410 149 24
410 166 386
410 687 208
410 69 464
410 534 657
410 266 91
410 326 71
410 928 665
410 632 747
411 538 803
411 941 811
412 147 379
412 306 272
412 456 515
412 947 779
412 395 887
413 734 178
413 398 190
413 129 480
413 664 593
413 542 544
413 585 225
414 0 197
415 752 12
415 440 616
415 912 957
415 915 224
416 34 881
416 547 248
416 830 706
417 645 134
417 750 417
417 940 989
417 189 768
417 474 273
417 582 637
417 272 901
417 110 689
418 63 263
418 279 952
418 807 432
418 625 599
419 276 453
419 17 834
419 987 707
419 276 339
419 532 529
419 229 701
420 351 871
420 260 987
420 595 735
420 492 319
420 180 15
420 659 536
420 775 19
420 168 464
421 695 619
421 891 289
421 457 766
421 837 56
421 277 283
422 381 974
422 477 687
422 186 13
422 896 229
423 620 36
423 682 419
423 941 229
423 745 304
423 86 137
424 744 329
424 198 900
425 439 779
425 878 655
425 97 759
425 504 766
425 631 777
425 784 536
426 376 258
426 92 542
426 842 126
426 844 438
426 643 812
426 280 616
426 942 519
426 840 249
427 590 231
427 355 881
427 413 874
427 543 710
427 366 525
427 225 287
427 858 480
427 601 105
428 223 741
428 448 935
428 780 527
428 187 412
428 564 779
428 693 467
428 957 885
428 882 750
429 395 251
429 841 797
429 582 319
429 644 911
429 687 789
430 555 658
431 856 681
431 487 64
431 290 647
431 886 779
432 949 913
432 381 740
432 927 348
432 8 300
432 721 69
433 323 543
433 399 357
433 671 193
433 437 295
433 591 643
433 670 176
433 487 413
433 726 258
434 412 32
435 365 898
435 232 129
435 592 219
435 674 606
436 46 985
436 994 694
437 701 778
437 431 521
437 226 415
437 786 115
437 926 547
437 797 938
437 981 897
437 836 293
438 19 235
438 525 792
438 693 930
438 206 313
438 882 467
438 603 871
438 895 633
439 275 560
439 754 35
439 220 990
439 234 225
439 974 787
439 200 17
439 503 331
439 236 710
439 783 150
440 836 704
441 664 681
441 873 431
442 480 847
442 499 71
442 419 789
442 804 768
442 225 335
442 963 308
442 747 484
442 211 933
443 667 839
443 428 498
443 741 484
443 871 209
443 589 223
443 312 624
444 18 950
444 741 956
445 864 957
445 854 77
445 589 544
446 507 881
446 871 371
446 40 812
446 893 622
446 308 930
446 352 305
446 153 606
446 133 299
447 848 218
447 205 606
447 774 716
447 931 45
447 703 520
447 324 7
447 270 262
447 136 403
448 342 158
448 555 239
448 992 195
449 646 533
449 646 491
450 191 872
450 487 811
450 118 180
451 295 556
451 226 915
451 279 373
451 856 127
451 999 584
451 952 660
452 850 601
452 503 462
452 343 34
452 635 160
452 829 106
452 5 11
453 746 235
453 653 963
453 722 598
454 27 285
455 700 121
455 713 970
455 542 4
455 573 399
455 140 677
455 549 759
455 85 771
456 32 272
457 133 590
457 136 180
457 223 203
457 340 147
457 134 726
457 18 557
457 71 532
458 44 820
458 414 941
459 484 970
459 947 583
459 69 231
459 827 633
459 872 596
459 788 980
459 457 6
459 496 121
459 177 609
460 834 588
460 121 909
461 836 465
461 833 669
461 71 277
461 459 494
461 191 338
462 952 812
463 528 241
464 359 565
464 101 523
465 774 938
465 20 317
465 75 224
465 616 988
465 889 869
465 150 760
466 604 882
467 780 756
467 312 699
468 180 628
468 805 409
468 534 233
468 345 795
468 522 171
468 233 763
468 219 912
468 579 564
469 856 174
470 757 169
470 87 814
470 618 0
470 548 450
470 974 914
470 363 746
470 319 440
471 584 998
471 932 10
471 549 699
471 569 594
471 939 809
472 42 739
472 446 43
473 210 766
473 169 111
473 206 965
473 558 144
473 578 256
473 97 877
473 52 967
473 358 359
473 813 845
474 933 565
474 581 389
474 573 279
474 547 238
474 998 938
474 760 254
474 66 575
474 108 310
474 308 577
475 376 471
475 778 416
475 833 404
475 86 411
475 46 661
475 515 431
475 916 750
475 289 320
475 242 28
476 250 138
476 884 884
476 25 398
476 980 97
477 669 22
477 570 844
478 717 369
478 83 52
478 342 751
478 18 346
478 612 27
479 421 346
479 165 220
479 357 749
479 552 946
479 192 32
479 31 373
479 963 447
479 745 459
479 507 787
480 787 125
480 827 820
480 58 980
480 208 955
480 877 141
480 750 109
481 512 290
481 175 947
481 509 674
482 364 227
482 674 171
482 822 7
482 272 763
482 343 800
482 883 338
482 297 404
482 850 446
483 725 759
483 338 689
483 473 902
483 707 249
483 294 529
483 628 977
483 207 358
483 420 665
483 340 188
484 293 401
484 346 550
484 656 10
485 994 753
485 4 530
486 926 114
486 371 250
486 910 915
486 346 960
487 842 320
488 304 117
488 698 833
489 862 602
489 653 875
489 324 932
489 798 98
490 69 109
491 538 155
491 636 40
491 781 663
492 144 187
492 213 456
492 885 344
492 422 233
492 391 745
492 897 327
492 895 562
492 344 186
492 345 2
493 873 54
493 853 39
494 673 389
494 650 826
495 502 372
495 220 782
495 23 146
495 748 817
496 537 254
496 378 369
496 687 396
496 434 120
496 245 52
497 707 984
497 450 650
497 313 975
497 187 30
497 776 921
497 585 761
497 783 482
497 821 893
497 291 208
498 77 207
499 786 533
499 221 796
499 606 300
499 829 784
499 517 331
499 996 864
499 396 46
499 638 107
499 702 26
500 450 653
501 697 598
501 744 370
501 361 39
501 527 408
501 377 682
501 380 958
502 673 668
502 603 562
502 598 47
502 979 206
502 401 905
502 987 90
502 42 863
502 896 252
502 142 42
503 971 573
504 317 722
504 263 996
504 754 170
505 902 542
505 122 451
505 759 551
506 226 664
506 560 195
506 691 881
506 598 312
506 84 884
506 484 928
506 416 485
506 243 323
506 382 620
507 851 143
507 996 185
507 352 565
507 79 164
507 518 171
507 92 931
507 14 111
508 779 338
508 143 572
508 433 854
508 792 701
508 571 169
509 131 28
509 47 251
509 394 202
509 331 493
509 261 65
510 330 285
510 151 945
510 252 740
510 851 532
510 853 887
510 377 769
510 513 453
510 775 949
510 795 886
511 931 284
511 494 774
511 854 30
511 837 437
511 220 830
512 481 163
512 101 583
512 978 854
512 207 704
512 716 347
512 711 983
512 395 873
512 184 361
513 535 857
513 813 771
514 649 645
514 487 954
514 820 923
514 271 666
514 786 103
514 908 488
515 12 222
515 981 616
515 236 472
515 407 349
516 696 32
516 700 878
516 279 533
516 189 75
516 594 701
516 78 659
517 396 852
517 862 495
518 763 754
518 142 143
518 339 132
518 772 278
518 347 411
518 87 259
518 842 576
518 726 614
519 966 821
519 367 12
519 144 740
519 160 739
519 314 444
520 606 824
520 714 753
520 838 82
520 463 706
520 952 810
520 275 96
521 948 285
522 924 659
522 534 219
522 181 847
522 975 741
522 373 292
522 364 402
522 137 37
523 469 196
523 921 487
523 218 924
523 228 64
524 492 262
525 613 734
525 277 536
525 58 490
525 628 36
525 173 324
525 144 875
525 662 205
525 753 779
526 954 97
527 922 988
527 431 719
527 876 176
527 390 722
527 312 438
527 341 20
528 29 869
528 289 760
528 348 633
528 535 270
528 480 256
529 717 643
529 135 541
529 500 148
529 55 872
530 480 278
530 302 362
530 647 330
530 722 659
530 971 81
530 955 927
530 114 799
530 454 440
531 802 485
531 763 728
532 326 596
532 588 92
532 775 403
532 291 458
532 175 105
532 426 757
532 5 360
532 196 136
532 25 569
533 483 889
533 597 329
533 573 143
533 327 986
533 94 509
533 611 747
534 409 863
534 517 233
534 757 543
534 174 785
534 134 35
535 517 621
535 975 646
536 698 915
536 416 555
536 840 319
537 193 653
537 272 198
537 400 664
537 968 104
537 261 150
537 986 550
537 290 738
537 606 641
538 835 926
538 498 779
538 352 349
538 191 627
538 583 78
538 646 607
539 623 757
539 487 700
539 962 820
539 897 959
539 932 785
539 686 483
540 762 533
540 29 944
540 690 227
540 248 664
540 53 824
540 455 532
541 441 219
542 726 786
542 759 697
542 53 672
542 907 376
543 647 121
543 533 973
543 570 846
544 746 433
545 630 818
545 982 830
545 252 926
546 131 594
546 386 647
546 17 563
546 673 865
546 515 573
546 334 179
546 536 504
547 455 612
547 975 85
547 56 479
547 210 429
547 581 293
548 613 588
548 396 656
548 796 269
548 670 0
548 440 91
548 681 28
548 88 291
549 557 411
550 476 304
550 808 969
550 895 137
550 54 754
550 969 322
550 131 846
550 383 24
551 134 219
551 880 609
551 302 838
551 225 962
551 742 884
551 646 342
552 523 909
552 296 638
552 479 916
552 323 31
552 953 309
553 124 53
553 507 883
553 800 928
553 484 328
553 569 399
553 315 446
553 86 523
553 622 858
554 186 327
554 15 292
555 772 425
555 413 642
555 124 95
555 279 50
555 185 304
556 661 154
556 988 372
557 655 737
557 401 466
557 316 656
557 89 623
557 540 96
558 212 634
558 586 958
558 218 355
558 124 551
558 146 67
559 6 754
559 111 62
559 31 215
559 726 835
560 297 800
560 728 640
560 245 45
560 227 951
560 190 695
560 865 11
560 70 684
561 986 248
561 364 334
561 624 237
561 201 6
562 199 577
562 944 696
562 180 781
563 656 362
563 488 18
563 996 967
563 557 415
563 708 822
563 783 985
563 821 28
563 297 707
563 512 605
564 575 591
564 468 511
564 376 174
564 605 955
564 438 808
564 856 250
564 371 529
565 396 237
565 325 624
565 134 619
566 301 354
566 558 168
566 435 394
567 835 857
567 293 172
567 378 177
567 975 215
568 42 499
568 490 589
568 434 959
568 90 425
568 660 369
568 270 324
569 874 506
569 157 489
569 926 882
569 224 893
569 650 407
569 200 600
570 717 692
570 226 271
570 952 12
570 449 583
570 537 663
571 403 986
571 814 762
571 723 849
572 453 529
572 389 459
572 467 353
572 603 100
572 681 389
573 843 163
573 232 795
573 98 989
573 746 191
573 429 896
573 199 788
573 192 512
574 831 768
574 239 804
574 404 264
574 179 590
574 850 83
574 927 447
574 125 104
575 735 820
575 278 559
575 948 953
575 335 581
576 462 967
576 107 695
576 756 257
576 752 230
576 613 380
576 257 788
577 579 416
577 625 620
578 814 844
578 266 252
579 15 594
580 691 352
580 917 892
580 349 454
580 226 342
580 221 771
580 41 498
580 214 425
580 101 421
581 743 444
581 453 136
581 864 702
581 65 218
581 119 168
581 24 851
581 402 541
581 467 806
582 61 825
582 603 859
582 122 738
582 814 722
582 364 989
582 988 280
582 657 264
583 928 363
583 991 486
583 40 747
583 818 514
584 449 375
584 88 820
585 755 201
585 105 134
585 834 606
585 459 471
585 913 160
586 844 379
586 582 6
586 300 44
586 493 357
586 560 564
586 902 472
586 682 889
586 754 781
586 614 993
587 89 661
587 234 173
587 428 219
587 577 805
587 102 24
588 750 617
588 537 273
588 730 385
588 22 72
588 249 597
589 263 465
589 403 583
589 385 313
589 596 713
590 318 329
590 455 914
590 224 999
590 962 248
590 319 324
590 966 866
590 61 813
590 212 866
591 285 347
591 504 251
591 826 95
591 588 514
592 805 837
592 773 129
592 246 749
592 386 605
592 793 74
592 520 902
593 393 673
594 164 450
595 626 388
595 826 258
595 443 147
595 254 364
595 141 709
595 401 508
596 355 176
596 69 191
597 758 626
597 829 231
597 304 588
598 867 986
598 784 594
598 669 380
598 17 725
599 428 888
599 485 707
599 159 518
599 112 599
599 116 130
599 558 516
600 882 490
600 55 42
600 686 909
600 109 791
600 276 539
600 593 746
600 197 803
600 470 569
600 931 78
601 940 919
601 200 35
601 392 778
601 587 704
601 152 657
601 194 730
601 862 276
601 508 250
601 586 869
602 995 863
602 952 234
603 711 568
603 581 489
603 367 390
604 999 255
604 906 68
604 427 132
604 681 748
604 860 621
604 562 700
604 716 375
604 596 608
604 277 911
605 894 367
605 777 964
605 292 456
606 402 576
607 417 35
607 160 448
607 774 664
607 29 281
607 475 809
607 417 387
607 283 376
607 941 852
608 601 415
608 247 82
608 386 439
608 559 760
608 338 924
608 696 178
608 39 141
608 318 755
609 537 838
609 540 813
609 513 162
609 601 623
610 936 736
610 803 63
610 796 518
610 865 422
610 417 967
610 411 167
611 297 737
611 406 725
611 988 883
611 550 166
611 162 148
611 701 851
611 625 577
611 711 112
611 187 537
612 586 866
612 76 833
612 368 362
612 410 868
613 748 536
613 958 372
613 674 660
613 14 574
613 514 897
613 458 60
613 769 387
613 41 143
614 833 100
614 213 74
614 251 717
614 185 540
614 566 224
614 670 454
614 606 850
615 676 933
615 830 865
615 767 903
616 57 704
616 331 615
617 908 138
617 954 378
617 216 407
617 219 407
618 330 140
618 947 555
619 251 465
619 121 305
619 692 386
619 83 220
619 847 547
619 80 257
620 499 503
621 825 664
621 213 878
621 348 506
621 951 622
621 691 552
621 673 32
621 981 296
622 807 60
622 802 143
622 236 566
622 38 638
622 127 261
622 840 38
622 464 856
622 698 172
623 160 441
624 2 376
624 298 976
624 98 498
624 738 369
624 384 320
624 962 871
624 998 267
624 894 225
624 649 358
625 860 424
626 896 525
626 423 249
626 149 861
626 431 423
626 154 749
626 585 435
626 128 2
626 797 508
626 855 414
627 19 322
627 427 261
627 538 241
627 726 201
627 787 178
628 89 896
628 289 675
628 641 184
628 514 432
628 568 856
628 448 191
628 403 407
628 2 318
629 245 397
629 192 245
629 23 999
630 575 432
630 8 636
630 103 772
630 4 407
630 738 423
631 913 939
631 469 338
631 525 952
631 106 663
631 180 198
631 154 848
631 925 466
631 918 535
631 490 884
632 707 415
632 973 486
632 650 804
632 508 51
632 623 84
632 291 9
632 377 240
632 407 421
632 23 883
633 434 589
634 195 257
634 38 923
635 692 425
636 345 740
636 341 476
636 901 552
636 789 416
636 154 50
636 161 894
636 897 855
636 24 782
636 605 802
637 925 615
638 461 731
638 869 15
639 142 764
639 213 773
640 454 22
640 325 460
640 827 383
640 339 721
640 256 998
641 974 110
641 496 42
641 571 21
641 999 427
641 563 796
641 468 215
641 538 960
642 140 24
642 879 385
642 649 889
642 534 108
642 207 664
642 105 472
642 882 9
643 300 491
643 607 308
643 709 191
643 592 770
643 452 453
643 276 751
644 986 332
644 741 966
645 762 379
645 391 547
645 982 234
645 707 503
646 80 135
647 842 167
647 151 246
647 490 365
648 31 66
648 554 336
648 643 430
648 69 156
648 862 347
648 534 768
649 681 971
649 970 706
649 858 608
650 791 836
650 454 855
650 623 526
650 313 406
650 912 234
650 579 277
650 366 999
651 493 969
651 849 214
651 663 880
651 895 478
651 177 268
651 869 86
651 938 666
651 193 444
652 57 911
652 892 860
653 841 121
653 699 520
654 841 960
654 926 962
655 610 331
655 640 268
655 103 282
655 220 542
656 603 65
656 179 966
656 83 218
656 844 767
656 290 59
656 883 966
656 73 20
657 808 352
657 143 57
657 420 312
658 924 652
658 267 260
659 978 14
659 599 797
659 815 688
659 794 278
659 605 797
659 890 50
659 205 323
659 17 854
659 664 524
660 680 278
660 350 199
660 824 858
660 178 618
660 934 543
660 930 837
660 646 99
660 475 697
660 927 598
661 743 779
661 557 141
661 307 527
661 92 934
661 950 526
661 453 51
662 744 283
662 773 666
662 352 358
662 677 918
662 140 93
662 308 745
662 317 50
663 169 1
663 832 107
663 404 497
663 199 503
663 366 291
664 186 146
664 527 429
664 440 368
664 627 750
664 106 126
664 634 537
664 140 795
664 782 183
664 688 424
665 901 721
665 509 483
665 191 197
665 953 961
665 362 147
665 687 487
665 701 23
665 962 249
666 158 574
666 203 725
667 380 872
667 445 24
668 367 194
668 382 448
668 43 166
669 158 507
669 744 862
669 382 965
669 352 268
669 772 217
669 853 114
669 22 965
669 588 968
670 491 988
670 744 710
670 151 711
671 937 616
672 691 852
672 230 18
672 607 854
672 385 703
672 382 888
672 362 226
672 311 424
673 677 950
673 662 181
673 733 816
673 1 291
673 927 803
673 386 356
674 864 473
674 672 330
674 129 696
674 331 750
674 715 231
674 381 410
674 152 503
674 115 313
674 531 408
675 79 186
675 626 252
676 949 458
676 81 653
676 838 424
676 351 403
676 285 454
676 552 91
676 894 896
676 808 486
676 64 679
677 585 719
677 979 595
677 995 810
677 369 439
677 938 238
677 14 242
677 761 296
678 156 366
678 814 594
678 399 843
678 685 389
678 854 655
678 581 284
678 603 147
679 441 865
679 816 62
679 922 125
680 718 997
680 533 668
680 126 476
680 30 285
680 90 272
680 19 978
680 608 682
681 723 953
681 2 709
681 111 158
681 940 376
681 656 396
681 966 21
681 305 126
681 175 782
682 825 439
682 578 16
682 570 660
683 194 748
683 679 24
683 978 677
683 998 990
683 573 983
683 781 985
683 882 182
684 988 405
684 992 514
684 913 856
684 602 452
684 443 396
684 270 970
684 838 126
685 908 33
685 490 994
685 143 267
685 550 955
686 362 653
686 361 764
687 907 273
687 256 239
687 968 308
687 5 794
687 126 961
687 221 84
687 334 568
688 344 838
688 821 201
688 593 306
688 236 563
688 729 942
688 18 965
688 40 850
688 299 577
688 931 68
689 679 853
689 57 813
689 128 717
689 110 733
689 843 326
689 105 678
689 747 715
689 247 916
690 614 990
690 192 751
690 663 87
690 488 929
691 827 829
691 730 362
691 872 997
691 286 711
692 943 684
692 51 892
692 46 946
692 235 644
692 315 645
692 242 508
692 86 478
693 443 765
693 902 243
693 464 691
693 511 913
693 424 241
694 893 387
694 896 941
695 897 101
695 197 245
695 631 401
695 68 366
696 513 16
696 216 891
696 717 642
696 282 706
697 330 448
697 224 561
698 547 308
699 984 890
699 412 81
699 925 638
699 941 909
699 762 845
699 809 707
699 537 68
700 439 480
700 506 88
700 714 854
700 733 799
700 314 439
700 210 554
700 804 583
700 959 871
700 522 615
701 920 269
701 14 880
701 769 709
701 150 764
701 721 565
701 603 23
701 185 456
701 19 389
701 767 348
702 226 802
702 411 953
702 800 294
703 421 286
703 378 697
703 978 764
704 305 797
704 934 981
704 312 158
704 794 222
704 798 825
704 51 678
704 438 398
705 380 341
705 494 224
705 200 869
705 393 475
705 808 758
705 342 42
706 990 84
706 502 431
706 380 247
706 754 341
707 214 377
708 233 705
708 154 911
708 330 826
708 808 215
708 223 574
708 856 463
708 410 805
709 103 631
709 509 293
709 310 299
709 816 85
710 505 543
710 113 486
710 786 227
710 619 399
710 736 566
710 817 254
711 870 899
711 706 917
711 648 787
711 886 451
711 740 615
711 193 269
711 443 77
711 486 658
711 970 982
712 229 141
712 593 891
713 692 555
713 761 490
713 695 550
713 946 132
713 623 102
713 984 588
713 292 323
713 678 722
713 475 783
714 324 289
714 78 156
714 429 539
714 144 134
714 607 97
714 816 80
714 527 42
715 315 531
715 719 694
715 367 873
715 117 921
715 689 738
715 931 774
715 292 150
716 473 823
716 409 317
716 553 952
716 736 260
716 207 558
717 635 930
717 86 868
717 248 663
717 602 528
718 461 561
718 64 990
718 491 18
719 545 60
719 22 981
719 227 231
719 254 8
719 685 497
720 157 399
720 951 628
720 660 970
720 345 168
720 321 676
721 427 818
721 731 238
721 13 220
721 398 158
721 36 481
722 578 828
722 156 0
722 687 745
722 628 449
722 73 448
722 662 795
723 158 212
723 382 721
723 766 20
723 187 496
723 357 683
723 644 130
723 671 562
723 183 312
723 232 111
724 307 435
724 938 290
724 943 631
725 818 281
725 363 798
726 771 259
726 863 531
727 718 576
727 486 204
728 887 817
728 762 221
728 327 286
728 459 319
728 232 857
729 661 788
729 189 220
730 794 665
730 880 383
730 132 554
730 694 266
730 502 35
730 881 720
730 81 734
731 304 458
731 100 324
731 614 332
731 414 556
731 298 198
731 488 645
731 6 489
731 133 745
732 400 287
732 566 740
732 939 309
732 651 917
733 286 587
733 38 356
733 389 327
733 190 717
733 238 869
733 837 791
734 587 755
734 517 87
734 625 494
734 526 883
734 896 984
734 215 410
734 388 681
734 136 934
734 684 788
735 526 814
735 472 453
735 319 844
735 656 563
735 5 865
735 938 376
735 135 394
735 424 696
735 546 527
736 708 748
736 589 430
736 987 451
736 428 623
736 476 473
736 954 971
736 458 163
737 564 408
737 146 21
737 215 3
737 588 985
737 302 528
737 450 754
737 987 336
737 183 655
737 354 45
738 925 79
739 27 717
739 552 982
739 30 938
739 4 764
739 348 944
739 62 238
739 856 870
740 938 222
740 163 175
740 26 316
740 711 134
741 435 808
741 401 877
741 934 78
741 847 386
741 712 412
742 640 563
742 889 54
742 290 790
742 660 634
742 196 645
742 763 750
742 191 71
743 436 797
743 989 152
743 866 190
743 805 142
743 364 244
743 173 439
743 579 481
743 44 219
744 333 918
744 536 345
744 178 835
745 824 269
745 25 706
745 818 791
746 744 626
746 977 730
746 637 53
746 429 58
747 169 517
747 573 6
747 663 32
748 64 984
748 33 126
748 42 842
748 213 778
748 176 273
748 932 177
748 850 399
748 507 786
749 218 232
749 221 481
749 235 117
750 666 532
750 274 358
750 24 903
750 453 449
750 15 16
750 237 937
750 204 178
751 444 776
752 145 552
752 259 782
753 89 784
753 143 314
753 229 78
753 683 496
753 509 192
753 548 423
754 880 633
754 414 13
754 460 939
754 657 613
754 909 838
754 652 2
754 959 975
754 607 723
754 927 939
755 2 93
755 567 878
755 522 485
755 703 720
755 814 40
755 528 578
755 786 244
755 88 997
755 976 522
756 156 968
756 840 586
756 76 38
756 208 371
756 257 491
757 22 273
758 638 910
758 545 31
758 247 191
758 700 358
759 83 688
759 867 458
759 20 105
759 592 740
759 917 942
759 657 425
759 150 376
759 880 813
760 22 233
760 522 102
760 520 447
760 494 124
760 216 271
761 436 199
761 910 837
761 466 912
761 912 181
761 568 117
762 986 8
762 0 716
762 48 148
762 852 164
763 336 823
763 508 738
763 165 923
763 714 375
764 635 998
764 194 182
765 929 886
765 153 743
766 278 377
766 797 903
766 640 113
767 354 497
767 274 521
767 659 451
767 570 819
767 906 575
767 354 856
767 581 932
767 34 200
768 883 929
768 383 512
769 686 386
769 761 962
769 961 449
769 738 13
769 854 156
769 992 670
769 723 829
769 336 717
769 397 917
770 678 462
770 157 612
771 262 32
771 917 341
771 488 205
772 285 754
772 381 106
772 188 329
772 329 772
772 20 313
772 571 550
773 875 627
773 692 28
773 820 513
773 473 971
773 678 659
774 912 725
774 284 337
774 752 792
774 761 359
774 0 535
774 485 207
774 290 845
774 294 692
775 434 521
776 316 227
776 385 317
776 988 87
776 502 163
776 423 575
776 975 640
776 509 900
776 705 782
776 11 946
777 10 427
777 280 792
777 969 877
778 718 750
778 395 670
778 218 116
778 975 570
779 721 672
779 410 522
779 476 68
779 357 528
779 142 478
779 691 454
779 964 308
780 512 644
780 106 149
780 111 261
780 975 541
780 645 769
781 882 534
781 586 893
782 846 399
782 609 923
782 460 708
782 268 351
783 833 380
783 454 167
783 77 956
783 176 948
783 481 863
783 302 593
783 144 412
783 562 195
784 471 490
784 192 232
784 833 704
784 78 158
785 893 200
786 233 750
786 31 707
786 748 273
786 263 220
786 470 335
787 305 180
787 232 605
787 346 468
787 897 224
787 642 85
788 202 585
788 142 683
788 517 684
788 289 186
788 625 706
788 782 608
788 669 945
788 142 481
789 54 895
789 369 223
789 160 797
789 353 859
789 992 761
790 230 580
790 673 11
790 551 668
790 209 138
790 792 366
791 974 868
791 716 368
791 79 735
791 801 439
791 438 855
791 724 387
791 839 494
792 577 839
792 784 580
792 390 62
793 415 214
793 400 140
793 36 164
793 798 717
793 366 539
794 812 87
794 337 916
794 937 733
794 389 555
794 450 17
794 40 63
794 235 372
795 707 156
795 210 328
795 831 565
795 712 675
795 186 971
795 66 836
796 269 940
797 298 843
798 447 207
798 238 788
798 404 566
798 4 784
798 968 925
798 820 884
799 157 970
799 58 63
799 277 766
799 908 928
799 571 593
799 497 953
800 803 12
800 203 630
800 849 78
800 637 375
800 637 237
800 613 53
800 325 600
801 926 454
801 883 424
801 159 570
801 110 488
801 315 250
801 76 933
802 779 219
802 603 594
802 526 991
802 305 225
802 472 910
803 418 200
804 158 224
804 140 683
804 413 494
804 772 907
804 37 287
805 134 43
806 83 931
806 149 371
806 474 317
806 929 431
806 211 845
806 988 228
807 483 255
807 401 346
807 61 738
807 931 158
807 53 459
807 537 681
808 570 809
808 741 907
809 392 667
810 217 563
811 355 90
811 931 172
811 423 463
811 615 161
811 372 854
811 202 374
811 295 414
811 952 383
811 956 745
812 454 77
812 683 22
812 367 699
813 934 397
813 572 876
813 457 392
813 921 465
813 563 479
813 22 996
814 39 969
814 159 503
814 251 657
814 648 509
814 677 519
814 412 168
815 776 182
816 890 992
816 96 60
816 566 578
816 141 271
816 293 415
816 100 759
816 433 216
816 647 610
817 343 253
817 35 639
817 786 610
817 44 573
818 342 478
818 846 249
818 879 635
818 30 466
818 498 319
818 528 476
818 721 930
819 90 423
819 344 282
819 917 255
819 725 197
819 339 247
819 68 180
819 600 719
820 342 318
820 992 566
820 204 440
821 309 856
821 218 908
821 640 96
821 75 695
821 206 183
821 339 186
821 221 190
822 673 412
822 837 931
822 798 158
822 28 675
822 445 327
822 302 727
822 467 829
823 709 40
823 650 668
823 249 29
823 203 210
823 125 434
823 125 450
823 240 682
823 294 462
824 252 723
824 276 822
824 875 138
824 630 878
825 536 383
825 225 854
825 729 41
825 532 394
826 120 181
826 101 555
826 834 84
826 774 609
826 887 341
826 187 658
826 6 876
826 579 64
826 219 303
827 361 762
827 256 405
827 944 943
827 97 798
827 98 270
827 448 190
827 635 598
828 44 980
828 122 120
828 439 384
829 706 671
829 22 60
829 130 461
829 155 638
829 348 390
829 195 804
830 505 466
830 827 755
831 695 29
831 253 919
831 768 844
831 500 852
832 818 373
832 713 122
833 197 753
833 395 157
833 617 160
833 238 515
833 971 726
834 280 655
834 299 134
834 685 151
834 962 9
834 939 450
834 486 973
834 832 315
835 815 919
835 463 364
835 845 763
836 901 12
837 811 878
837 545 849
837 830 663
837 940 635
838 219 620
839 443 982
839 318 95
839 939 825
839 225 897
839 97 495
840 578 249
840 816 570
840 752 521
841 519 668
841 29 495
841 7 902
841 75 980
841 593 270
841 108 786
841 15 561
841 912 67
842 655 969
842 756 649
842 106 266
842 702 432
842 263 837
842 572 215
842 584 205
842 491 399
842 858 501
843 214 703
843 451 615
843 75 824
843 600 155
843 848 213
844 94 51
844 686 334
845 607 887
846 49 491
846 166 841
846 887 742
846 546 48
846 461 660
847 693 479
847 631 802
847 657 186
847 971 704
848 911 363
848 482 347
848 227 968
849 814 28
849 32 908
849 131 515
850 855 889
850 691 559
850 481 29
850 707 755
850 416 877
850 103 58
850 261 938
850 754 87
850 868 78
851 47 483
851 214 240
852 799 879
852 690 17
852 196 37
852 749 375
852 189 384
852 761 171
852 480 916
853 774 773
853 953 358
853 341 918
853 948 842
853 693 861
853 371 632
853 397 264
854 101 126
854 666 627
854 59 652
854 517 451
854 215 368
854 466 510
855 76 817
855 314 487
856 170 520
856 282 334
856 877 846
856 703 21
856 92 785
856 611 950
856 873 995
856 798 338
857 987 48
858 4 280
859 594 839
859 495 838
859 918 138
859 947 18
859 925 423
859 198 255
860 264 650
860 830 5
861 742 352
861 554 666
861 494 420
861 710 876
862 871 983
862 28 557
863 942 968
863 116 694
863 882 900
863 205 976
864 624 197
864 476 438
864 228 840
864 731 273
864 677 64
865 898 873
865 892 484
865 823 518
866 649 874
866 327 171
866 810 591
867 459 611
867 350 62
867 928 922
867 62 606
867 143 705
867 458 193
867 212 941
867 391 222
867 854 453
868 413 379
868 518 795
868 25 577
869 226 384
869 847 59
869 371 364
870 948 794
870 18 450
870 55 267
870 669 144
870 246 684
870 353 976
870 288 360
870 699 632
870 698 628
871 754 885
871 840 150
871 111 527
871 416 48
871 373 512
871 384 908
871 507 198
871 926 791
871 890 174
872 542 112
872 184 193
872 432 116
872 412 352
872 831 718
872 824 793
872 235 840
872 866 71
873 699 415
873 88 412
873 76 486
873 874 824
874 914 103
874 467 686
874 874 241
875 340 867
875 93 676
875 983 531
875 709 152
875 867 459
875 52 613
876 988 556
876 420 361
877 740 941
877 547 104
877 342 920
877 100 876
877 972 888
877 394 7
877 222 384
877 317 643
878 111 156
878 455 185
878 36 147
879 893 893
879 770 601
879 623 509
879 321 282
880 847 627
880 433 915
880 709 791
880 521 367
880 584 718
880 382 900
881 800 847
881 165 41
882 858 435
882 983 83
882 127 38
882 384 600
882 711 420
883 202 238
883 530 712
883 624 878
883 966 810
883 208 609
884 970 808
884 719 616
884 249 138
884 35 362
884 797 720
885 766 148
885 32 663
885 715 213
885 690 56
885 714 37
885 472 258
885 721 368
885 800 826
886 609 850
886 150 183
886 778 798
886 858 830
886 698 843
886 468 669
886 743 563
886 441 123
886 125 820
887 189 888
887 945 438
887 952 481
887 141 718
887 926 22
887 91 533
888 166 592
888 578 820
888 746 592
888 204 300
888 252 410
888 851 24
888 522 71
889 335 978
889 625 233
890 115 32
890 296 564
890 952 705
890 645 472
890 630 89
891 367 370
891 700 169
891 970 561
892 443 518
892 827 386
892 312 416
892 559 483
892 753 609
892 524 115
892 490 629
892 856 545
892 545 519
893 346 832
893 313 524
893 269 699
893 586 349
893 85 718
893 659 40
893 574 484
893 383 532
893 696 646
894 815 629
895 270 866
895 823 340
895 502 646
895 418 645
895 133 499
895 375 194
895 366 290
895 466 551
895 952 127
896 460 753
896 578 51
896 671 137
896 885 213
896 794 48
896 780 529
896 103 759
896 174 790
897 782 158
898 936 119
898 481 930
898 380 98
898 892 600
898 477 288
898 527 874
899 603 828
899 238 237
899 546 287
900 578 680
900 734 250
900 466 873
900 716 444
900 384 509
900 12 944
901 900 241
901 921 634
902 46 659
902 214 986
902 335 167
902 954 945
903 509 3
903 326 737
903 268 691
903 811 240
903 6 164
903 257 144
904 265 152
904 841 413
904 572 159
904 427 229
904 907 490
904 851 921
904 967 631
905 782 184
905 50 264
905 999 336
905 830 806
905 927 929
905 866 899
905 510 865
906 24 513
906 460 884
907 459 452
907 648 86
907 148 211
907 618 660
907 437 53
907 866 800
908 159 123
908 762 147
908 352 971
908 853 927
908 677 345
909 580 509
909 378 617
909 177 686
909 106 155
910 1 242
910 8 85
910 237 284
910 210 752
910 796 508
910 738 546
910 911 953
911 487 371
911 411 497
911 196 646
911 531 519
911 985 335
911 594 912
911 541 892
912 43 847
912 641 243
913 505 211
913 261 996
913 888 661
914 710 612
914 696 812
914 174 684
914 620 986
914 338 284
914 853 458
914 126 557
914 138 774
914 910 980
915 654 587
915 845 893
915 940 338
915 128 5
915 643 894
915 569 654
915 630 406
915 101 673
916 806 829
916 187 388
916 921 691
916 865 114
916 428 533
916 790 962
917 807 761
917 140 188
918 462 413
918 645 372
918 497 181
919 702 957
920 668 646
920 824 270
921 975 226
921 95 964
921 432 275
921 911 225
922 8 256
922 517 911
923 232 889
923 183 565
923 585 454
923 55 182
923 874 973
923 97 823
923 312 399
924 126 422
924 410 930
924 410 555
924 821 860
924 447 394
924 111 572
924 367 61
924 220 637
925 86 191
925 647 510
925 533 194
925 337 35
926 965 452
926 718 213
926 719 359
926 976 262
926 150 295
926 638 612
926 205 740
926 491 201
927 837 570
927 572 131
927 926 378
927 481 114
927 293 522
927 41 353
927 916 616
927 217 694
927 578 709
928 374 1
928 862 717
928 727 753
929 191 155
929 569 506
929 276 740
929 366 961
929 525 287
929 690 115
929 95 513
929 535 826
929 406 578
930 432 872
930 101 876
930 111 792
930 388 411
930 288 847
931 614 908
931 225 261
931 143 65
931 335 393
931 487 296
931 189 680
932 584 29
932 642 273
932 976 492
932 17 387
932 552 617
933 63 372
933 316 978
933 734 944
933 488 287
933 600 700
934 127 385
934 944 570
934 205 303
934 754 602
934 288 235
934 336 582
934 964 812
934 432 41
935 642 462
935 233 27
935 155 223
935 795 705
935 643 132
935 157 213
935 888 195
935 773 96
935 413 116
936 246 797
936 211 76
936 358 676
936 90 275
936 216 22
936 389 220
937 61 175
937 515 127
937 688 60
937 312 884
937 599 435
938 990 396
938 721 79
939 859 978
939 773 139
940 748 929
940 937 433
941 123 726
941 758 859
941 437 844
941 734 597
941 615 569
942 593 922
942 239 358
943 179 808
943 330 305
943 32 466
943 447 844
943 437 52
943 496 425
944 655 804
944 342 164
944 971 521
944 996 387
944 700 720
945 622 502
945 955 735
946 814 734
946 929 550
946 136 967
946 124 325
946 215 806
946 674 848
946 958 477
946 293 316
947 619 533
947 232 393
947 376 679
947 364 589
947 990 542
947 407 843
947 926 742
948 128 604
948 260 535
948 656 699
948 216 492
948 951 547
949 29 127
950 663 731
950 388 367
950 961 977
950 464 113
950 340 815
950 906 625
951 703 906
952 610 761
953 167 84
953 281 456
953 322 425
953 593 248
953 583 476
953 9 886
954 622 527
954 119 584
954 139 146
954 996 670
954 40 145
954 958 262
955 446 279
955 540 708
955 226 113
955 454 244
955 264 465
955 577 612
955 141 984
956 733 276
956 612 896
956 798 973
956 734 487
956 283 103
956 707 788
956 803 771
957 789 149
957 359 944
957 951 677
958 111 88
958 153 931
958 143 937
958 109 287
958 815 376
958 741 499
959 389 381
959 62 263
959 856 610
959 605 35
959 933 190
959 432 391
959 297 25
959 792 659
959 819 570
960 566 289
961 604 421
961 652 416
962 888 859
962 488 480
962 506 820
963 998 260
963 167 886
963 826 200
963 459 135
964 312 266
964 614 806
964 582 54
964 241 696
964 480 136
964 512 629
964 886 34
965 980 817
965 479 267
966 207 938
966 158 939
966 338 979
966 221 633
967 22 16
967 997 988
967 21 908
967 512 145
967 390 988
968 524 76
968 698 773
968 221 999
968 317 131
968 900 226
968 172 145
968 695 141
969 997 953
969 564 121
970 957 248
971 225 470
971 424 283
971 658 184
971 108 446
971 316 943
971 679 197
971 875 895
971 859 618
971 197 588
972 825 281
972 381 337
972 18 472
972 431 796
972 784 320
972 971 643
973 502 540
973 820 355
973 463 311
973 15 728
973 989 717
973 653 619
974 100 360
974 304 965
974 207 534
974 366 757
974 985 41
974 674 352
974 254 278
975 359 542
975 765 449
975 498 559
975 235 97
975 708 541
975 671 813
976 965 95
976 430 322
976 940 971
976 54 192
977 5 689
977 244 289
977 727 32
977 54 594
977 731 182
977 601 503
977 631 595
977 289 560
977 820 194
978 172 869
979 895 603
979 7 874
980 867 428
981 536 978
981 322 924
982 134 436
982 657 416
982 89 626
982 953 237
982 100 389
982 563 410
983 549 654
983 710 903
983 357 765
983 116 252
983 51 152
983 552 376
984 157 734
984 126 84
984 172 439
984 675 621
984 808 940
985 69 902
985 43 806
985 230 78
985 159 315
985 166 672
985 109 219
985 822 963
985 894 395
986 838 520
986 934 124
986 174 35
986 390 226
986 497 382
986 880 258
987 289 897
987 932 904
987 410 384
987 551 872
987 156 847
987 379 734
987 156 9
988 163 111
988 785 788
989 864 178
989 515 239
989 883 8
989 342 152
989 980 281
989 190 24
990 378 239
991 617 202
991 376 755
991 149 856
991 309 985
991 486 447
991 721 313
992 98 438
992 902 109
992 346 883
992 313 841
992 664 253
993 318 976
994 713 607
994 665 799
994 259 351
994 792 14
994 946 64
994 906 182
994 833 65
995 505 834
995 821 847
996 617 51
996 970 135
996 771 778
996 952 829
997 700 878
997 541 957
997 629 230
997 90 448
997 488 669
997 979 656
998 50 282
998 813 25
998 391 671
999 129 534
999 773 6
999 650 813
999 933 112
999 296 96
999 62 499
999 611 218
