1000
0
1
2
3
4
5
6
7
8
9
10
11
12
13
14
15
16
17
18
19
20
21
22
23
24
25
26
27
28
29
30
31
32
33
34
35
36
37
38
39
40
41
42
43
44
45
46
47
48
49
50
51
52
53
54
55
56
57
58
59
60
61
62
63
64
65
66
67
68
69
70
71
72
73
74
75
76
77
78
79
80
81
82
83
84
85
86
87
88
89
90
91
92
93
94
95
96
97
98
99
100
101
102
103
104
105
106
107
108
109
110
111
112
113
114
115
116
117
118
119
120
121
122
123
124
125
126
127
128
129
130
131
132
133
134
135
136
137
138
139
140
141
142
143
144
145
146
147
148
149
150
151
152
153
154
155
156
157
158
159
160
161
162
163
164
165
166
167
168
169
170
171
172
173
174
175
176
177
178
179
180
181
182
183
184
185
186
187
188
189
190
191
192
193
194
195
196
197
198
199
200
201
202
203
204
205
206
207
208
209
210
211
212
213
214
215
216
217
218
219
220
221
222
223
224
225
226
227
228
229
230
231
232
233
234
235
236
237
238
239
240
241
242
243
244
245
246
247
248
249
250
251
252
253
254
255
256
257
258
259
260
261
262
263
264
265
266
267
268
269
270
271
272
273
274
275
276
277
278
279
280
281
282
283
284
285
286
287
288
289
290
291
292
293
294
295
296
297
298
299
300
301
302
303
304
305
306
307
308
309
310
311
312
313
314
315
316
317
318
319
320
321
322
323
324
325
326
327
328
329
330
331
332
333
334
335
336
337
338
339
340
341
342
343
344
345
346
347
348
349
350
351
352
353
354
355
356
357
358
359
360
361
362
363
364
365
366
367
368
369
370
371
372
373
374
375
376
377
378
379
380
381
382
383
384
385
386
387
388
389
390
391
392
393
394
395
396
397
398
399
400
401
402
403
404
405
406
407
408
409
410
411
412
413
414
415
416
417
418
419
420
421
422
423
424
425
426
427
428
429
430
431
432
433
434
435
436
437
438
439
440
441
442
443
444
445
446
447
448
449
450
451
452
453
454
455
456
457
458
459
460
461
462
463
464
465
466
467
468
469
470
471
472
473
474
475
476
477
478
479
480
481
482
483
484
485
486
487
488
489
490
491
492
493
494
495
496
497
498
499
500
501
502
503
504
505
506
507
508
509
510
511
512
513
514
515
516
517
518
519
520
521
522
523
524
525
526
527
528
529
530
531
532
533
534
535
536
537
538
539
540
541
542
543
544
545
546
547
548
549
550
551
552
553
554
555
556
557
558
559
560
561
562
563
564
565
566
567
568
569
570
571
572
573
574
575
576
577
578
579
580
581
582
583
584
585
586
587
588
589
590
591
592
593
594
595
596
597
598
599
600
601
602
603
604
605
606
607
608
609
610
611
612
613
614
615
616
617
618
619
620
621
622
623
624
625
626
627
628
629
630
631
632
633
634
635
636
637
638
639
640
641
642
643
644
645
646
647
648
649
650
651
652
653
654
655
656
657
658
659
660
661
662
663
664
665
666
667
668
669
670
671
672
673
674
675
676
677
678
679
680
681
682
683
684
685
686
687
688
689
690
691
692
693
694
695
696
697
698
699
700
701
702
703
704
705
706
707
708
709
710
711
712
713
714
715
716
717
718
719
720
721
722
723
724
725
726
727
728
729
730
731
732
733
734
735
736
737
738
739
740
741
742
743
744
745
746
747
748
749
750
751
752
753
754
755
756
757
758
759
760
761
762
763
764
765
766
767
768
769
770
771
772
773
774
775
776
777
778
779
780
781
782
783
784
785
786
787
788
789
790
791
792
793
794
795
796
797
798
799
800
801
802
803
804
805
806
807
808
809
810
811
812
813
814
815
816
817
818
819
820
821
822
823
824
825
826
827
828
829
830
831
832
833
834
835
836
837
838
839
840
841
842
843
844
845
846
847
848
849
850
851
852
853
854
855
856
857
858
859
860
861
862
863
864
865
866
867
868
869
870
871
872
873
874
875
876
877
878
879
880
881
882
883
884
885
886
887
888
889
890
891
892
893
894
895
896
897
898
899
900
901
902
903
904
905
906
907
908
909
910
911
912
913
914
915
916
917
918
919
920
921
922
923
924
925
926
927
928
929
930
931
932
933
934
935
936
937
938
939
940
941
942
943
944
945
946
947
948
949
950
951
952
953
954
955
956
957
958
959
960
961
962
963
964
965
966
967
968
969
970
971
972
973
974
975
976
977
978
979
980
981
982
983
984
985
986
987
988
989
990
991
992
993
994
995
996
997
998
999
0 972 352
0 522 234
0 942 937
1 756 376
1 602 28
1 848 824
2 533 294
2 741 24
2 903 864
3 190 434
4 980 202
4 507 179
4 27 592
4 158 930
5 874 650
5 593 37
5 781 278
6 898 107
6 382 802
7 576 855
7 351 356
8 297 164
8 324 124
8 280 325
8 135 42
9 979 882
10 197 875
10 525 606
10 901 245
11 967 694
11 227 500
11 130 386
11 122 427
12 202 590
12 245 999
12 367 563
12 536 409
13 999 356
13 233 596
13 848 984
13 4 830
14 725 397
14 63 987
14 882 908
15 942 350
16 716 213
16 776 549
17 151 590
18 219 46
19 797 724
19 57 605
19 38 564
19 638 503
20 611 651
20 998 893
20 611 387
20 301 806
21 442 895
21 990 861
21 28 577
22 106 579
22 989 907
23 683 403
24 397 259
25 534 279
25 587 965
26 24 272
26 551 588
26 54 473
27 237 88
28 747 290
28 29 817
28 124 639
28 87 614
29 127 546
29 449 101
29 839 966
29 922 253
30 478 212
30 541 982
30 297 601
30 531 131
31 683 565
31 989 787
31 36 829
32 306 144
32 356 376
32 562 231
33 618 754
33 296 719
34 916 20
34 95 669
35 436 601
35 404 462
35 201 852
36 634 63
36 697 146
36 878 670
36 766 264
37 137 523
38 695 930
38 968 758
38 894 472
38 582 810
39 542 634
39 961 804
39 974 509
39 467 670
40 273 726
40 552 709
41 431 323
41 873 522
42 610 7
42 113 647
43 277 963
43 440 664
43 96 958
43 866 289
44 703 985
45 969 673
45 990 754
45 937 731
45 107 364
46 796 786
46 11 358
47 93 112
47 799 27
48 868 693
48 840 249
48 685 977
48 796 237
49 729 156
49 525 766
50 838 867
50 47 926
50 916 355
50 662 873
51 212 130
51 324 676
51 371 736
51 402 997
52 834 494
53 897 228
53 684 709
53 720 745
53 102 140
54 306 573
54 640 94
55 967 101
55 234 387
56 916 859
56 796 686
57 544 61
57 813 259
57 740 439
57 180 533
58 180 870
58 212 397
58 922 765
58 608 152
59 799 401
59 42 687
59 592 223
59 747 927
60 955 356
60 928 549
60 8 176
61 638 480
61 474 827
61 978 804
62 265 843
62 206 95
62 841 804
63 140 886
64 176 983
64 999 921
64 210 191
65 690 627
65 404 376
66 771 174
66 408 856
66 930 279
66 205 631
67 892 513
67 385 712
67 97 314
68 689 686
68 224 901
68 51 861
69 577 562
69 464 547
69 112 869
69 611 291
70 779 165
70 824 828
70 901 307
70 782 436
71 570 979
71 826 858
71 107 491
72 393 615
72 35 310
73 319 917
73 854 178
73 622 981
74 61 577
74 757 115
74 363 110
74 299 553
75 12 955
75 535 301
76 717 363
77 456 609
78 545 989
78 4 828
78 147 972
79 130 437
79 682 878
79 707 386
80 668 596
81 171 339
81 178 983
82 749 457
82 943 944
82 993 632
83 573 996
83 490 631
83 102 189
83 822 882
84 685 530
84 526 679
84 26 358
84 439 430
85 200 849
85 832 560
85 757 109
85 440 504
86 874 787
86 761 531
86 721 686
86 316 700
87 720 49
87 37 90
88 522 847
88 18 973
88 472 42
89 769 423
90 605 267
91 259 378
91 438 816
91 802 906
91 828 378
92 337 794
92 77 44
93 577 734
93 730 235
93 623 843
94 705 800
94 377 384
94 604 695
95 458 178
95 955 727
96 298 714
96 723 569
96 326 531
96 577 791
97 872 377
97 149 568
97 118 609
97 60 850
98 680 956
98 672 85
99 917 971
100 864 764
100 692 552
100 103 295
100 187 235
101 679 103
102 684 140
102 647 336
102 907 987
103 488 42
103 713 583
103 913 12
103 387 631
104 553 777
104 551 563
105 704 704
105 7 80
106 350 421
106 570 437
106 335 870
106 92 492
107 755 201
107 725 26
108 433 793
108 499 733
108 575 592
108 496 725
109 651 914
109 882 270
109 569 347
109 932 165
110 498 39
110 998 27
111 313 974
111 114 140
111 810 139
111 830 384
112 499 951
112 625 850
112 926 160
113 102 845
114 960 466
114 478 593
114 719 215
114 668 269
115 358 123
115 795 705
116 261 717
117 512 695
117 424 903
117 450 803
117 774 745
118 756 83
118 848 339
118 845 366
119 20 927
119 432 529
120 352 61
120 915 547
120 775 797
120 294 47
121 17 77
121 656 940
121 882 787
121 433 538
122 456 783
122 457 424
123 620 339
123 348 726
123 861 441
123 893 982
124 347 442
124 947 321
125 580 899
125 280 97
125 563 366
126 294 686
126 531 789
126 560 465
127 6 930
127 230 876
128 898 269
128 364 754
128 158 910
128 928 309
129 22 88
129 844 39
130 848 122
131 806 81
131 920 23
131 528 186
132 669 121
132 105 140
132 653 697
133 439 958
134 491 5
134 162 773
134 248 170
135 658 177
135 879 434
135 664 572
135 547 703
136 155 231
136 994 665
137 164 141
137 533 204
137 880 993
137 587 51
138 919 932
138 38 788
138 354 603
139 176 24
139 959 248
139 184 551
140 818 157
141 878 672
141 40 675
141 515 561
142 511 456
142 60 210
142 767 891
143 145 485
144 175 742
144 579 81
144 806 880
145 47 703
145 162 222
145 130 97
146 302 260
146 605 762
147 517 63
147 430 606
148 777 181
149 744 699
150 261 573
150 172 801
150 4 428
150 996 439
151 565 735
151 764 299
151 229 391
151 805 868
152 796 623
152 789 229
153 492 824
153 419 803
154 287 593
154 908 301
154 598 419
154 507 284
155 627 2
155 237 210
155 937 996
156 836 563
156 103 55
156 267 906
157 869 669
158 916 705
158 672 182
158 729 958
159 608 531
159 84 686
159 339 226
160 729 907
161 750 676
161 874 528
162 531 275
162 267 526
162 97 311
163 229 900
163 977 832
164 540 920
165 656 967
165 348 443
166 900 28
167 987 848
167 463 777
167 667 989
168 930 888
169 321 999
169 662 158
170 141 630
170 716 153
171 158 742
171 655 902
172 966 681
173 822 395
174 762 48
174 310 441
174 929 255
175 536 783
175 879 787
175 517 200
176 171 171
176 742 153
177 272 953
178 791 60
179 955 863
179 940 737
179 759 950
180 262 139
180 272 162
180 195 979
181 208 320
181 408 405
182 513 696
182 747 891
182 894 250
182 73 780
183 785 938
183 849 959
183 995 419
184 704 486
184 63 157
185 551 721
185 599 626
185 372 480
185 104 355
186 926 884
186 523 760
186 606 874
187 202 617
187 110 564
188 946 407
188 619 380
188 356 671
189 84 296
189 415 970
189 735 596
190 974 149
191 761 449
191 367 590
192 216 935
192 51 700
192 704 836
192 4 530
193 193 131
194 914 555
194 170 149
194 174 572
195 671 256
195 132 163
195 393 830
195 578 424
196 337 443
196 163 283
197 274 681
197 209 198
197 481 761
198 98 845
198 637 287
199 251 192
199 645 842
199 462 505
199 996 958
200 644 758
200 19 98
201 726 600
201 400 121
201 706 57
201 199 367
202 134 184
202 523 777
202 433 382
202 973 942
203 755 905
203 72 151
203 565 525
204 651 68
204 90 561
204 239 186
204 229 349
205 111 94
205 886 756
205 422 466
206 276 171
207 505 72
208 794 53
208 612 440
208 506 48
209 44 193
209 508 969
210 509 953
210 953 475
211 634 588
211 389 550
211 750 897
211 135 297
212 595 557
212 421 583
212 400 522
213 623 524
213 533 719
213 822 238
213 722 310
214 470 299
214 242 852
214 532 125
215 164 260
216 734 404
216 17 432
216 854 842
216 262 312
217 8 622
217 98 673
217 378 723
218 858 429
219 638 60
219 477 743
220 587 172
221 438 59
221 905 293
221 239 860
222 32 996
222 783 844
223 468 300
223 981 282
223 740 307
223 153 751
224 144 111
224 617 851
224 101 519
225 208 678
225 301 903
225 728 332
225 720 340
226 543 376
226 430 27
227 463 963
227 584 594
227 507 27
228 891 526
228 414 691
229 981 516
229 496 916
230 548 100
231 827 747
231 436 984
231 123 186
232 496 647
232 733 423
232 140 334
233 458 602
233 251 630
233 897 289
234 81 971
234 185 936
234 569 92
235 249 919
235 405 808
236 593 503
236 123 290
236 172 803
237 445 198
237 210 324
238 858 87
238 764 638
238 248 198
238 454 642
239 276 222
240 243 94
240 718 950
240 711 408
240 668 538
241 986 431
242 867 974
242 397 107
243 225 82
243 853 160
243 882 643
243 207 943
244 961 455
244 257 242
245 859 14
245 701 378
246 86 507
246 419 952
247 925 819
247 734 992
248 931 639
248 295 44
248 594 452
249 125 918
249 211 451
249 480 789
250 501 787
251 285 700
251 911 596
251 412 149
251 799 255
252 869 462
252 341 251
253 835 29
253 503 955
253 164 758
254 419 686
254 642 472
254 193 839
255 902 565
255 878 665
256 36 828
256 883 197
257 918 711
257 203 301
257 209 342
257 781 456
258 946 658
258 992 432
258 907 788
258 725 983
259 486 547
259 512 776
259 421 849
260 416 178
260 505 215
260 888 808
261 117 288
261 365 870
261 869 870
261 692 800
262 410 848
263 729 781
263 443 83
263 192 755
264 360 54
264 449 106
264 357 238
264 744 771
265 302 496
265 461 521
266 329 273
266 807 97
266 336 314
267 659 64
268 393 898
269 495 823
269 713 861
269 461 717
270 781 288
270 738 179
270 363 88
271 840 169
272 660 164
272 144 312
273 627 415
273 701 657
274 150 744
274 334 925
275 203 810
275 876 102
276 959 633
277 996 590
277 310 779
278 170 408
278 546 130
279 915 389
280 669 635
280 207 642
280 249 333
280 449 986
281 371 599
281 223 429
281 911 899
281 147 946
282 682 90
282 2 231
283 651 977
283 968 283
284 301 481
285 539 696
285 355 645
285 913 575
286 474 664
286 91 51
287 933 822
287 151 801
287 479 576
287 833 779
288 355 492
288 596 369
288 68 672
289 421 208
290 514 651
290 324 955
291 792 787
292 899 562
292 57 965
292 6 998
293 501 483
293 854 553
294 905 574
294 370 115
294 772 834
294 822 913
295 879 416
295 135 309
296 525 647
296 533 813
296 749 6
296 258 234
297 480 678
298 443 147
299 333 398
300 119 539
300 406 372
301 741 172
301 638 241
301 136 252
302 864 570
303 60 169
303 781 450
304 877 58
305 759 576
305 497 353
306 287 469
306 723 338
306 454 53
307 807 704
308 431 898
309 226 843
309 495 945
309 320 778
309 857 388
310 687 390
311 513 541
312 597 362
312 624 495
313 656 741
313 19 451
313 885 693
313 510 184
314 371 655
315 942 473
315 385 166
315 95 451
316 136 906
316 977 694
316 542 731
317 579 22
317 336 458
317 881 59
317 738 38
318 941 684
319 644 921
320 553 839
320 766 533
321 15 119
322 470 878
322 887 583
322 740 894
323 276 343
324 986 860
324 477 104
324 822 855
324 585 759
325 867 894
326 17 254
327 652 873
327 651 701
327 723 747
327 522 85
328 794 16
328 716 291
328 783 193
329 780 196
329 345 705
329 185 657
330 8 668
330 619 750
330 54 109
331 665 553
331 127 135
331 543 406
331 16 971
332 176 925
332 103 226
333 659 549
333 293 500
333 857 902
334 806 946
334 163 117
335 190 460
336 945 342
336 816 18
336 899 926
336 640 504
337 897 565
337 245 896
337 529 803
337 802 157
338 248 693
338 858 25
338 116 854
339 475 74
339 212 604
339 644 413
340 724 609
340 30 489
340 950 406
340 691 567
341 465 283
342 562 317
342 540 665
342 14 446
343 611 214
344 82 683
345 836 509
345 694 196
345 496 243
346 570 46
347 843 896
348 404 452
348 397 741
348 237 44
348 798 497
349 72 462
349 642 373
349 399 395
349 71 998
350 511 31
350 475 737
350 786 849
350 949 651
351 257 279
352 943 358
352 548 764
352 816 761
353 628 922
353 255 160
353 875 940
354 209 837
354 502 952
355 794 758
355 213 618
355 179 17
355 190 293
356 818 589
357 426 387
357 989 646
357 435 22
357 910 75
358 593 625
358 268 34
359 914 421
359 675 110
359 543 290
359 867 517
360 224 124
361 379 587
362 857 654
363 850 946
363 481 311
363 425 195
364 844 915
364 701 605
364 421 370
365 911 502
365 418 725
366 796 378
366 229 919
366 469 793
367 896 723
367 134 585
367 107 353
368 340 221
369 664 31
369 657 116
369 589 505
369 529 892
370 862 699
370 502 370
370 487 724
371 52 621
371 909 919
371 633 890
372 455 259
372 500 668
373 421 117
373 873 100
373 253 845
374 172 558
374 31 681
375 487 114
375 243 215
376 123 89
376 503 473
376 939 987
376 285 662
377 131 930
377 289 154
377 396 558
377 235 736
378 532 905
379 620 151
379 338 708
379 165 267
379 561 425
380 615 92
380 154 328
380 229 660
381 988 420
381 75 470
382 474 904
382 208 218
382 375 57
383 11 589
383 645 204
383 530 182
383 517 262
384 329 666
385 464 549
385 317 345
386 887 880
387 415 570
388 407 81
389 658 722
389 695 306
389 280 95
390 281 755
390 991 599
390 758 733
391 604 89
391 77 850
391 273 673
391 491 414
392 201 729
392 703 407
393 87 11
393 584 395
393 109 709
393 54 91
394 508 533
394 32 972
395 97 358
396 492 181
396 627 733
396 688 153
396 638 258
397 335 571
397 446 881
397 949 138
397 884 418
398 845 206
398 930 460
399 282 12
399 651 776
400 698 339
400 332 686
400 629 819
400 156 750
401 417 534
401 545 773
401 528 297
402 790 332
402 780 417
403 114 826
403 922 942
404 422 119
404 547 20
404 297 861
405 270 16
405 243 100
405 494 929
405 178 977
406 575 363
407 490 48
408 749 868
408 143 553
409 935 30
409 135 398
410 631 53
411 777 828
411 539 361
411 308 119
412 237 462
413 11 118
413 346 38
414 478 758
414 582 619
414 250 849
414 959 202
415 89 268
415 768 590
415 430 895
416 460 778
416 893 477
417 425 338
417 795 274
417 874 619
418 201 577
418 451 497
419 460 715
419 349 188
419 761 112
420 124 611
420 5 165
420 253 24
421 468 447
421 403 406
421 371 608
421 485 244
422 977 647
422 909 377
422 57 874
423 829 40
424 541 569
425 745 640
425 251 659
426 140 731
426 609 655
427 361 94
428 9 801
428 73 834
428 401 796
429 583 757
429 190 374
429 135 377
430 499 461
431 136 135
431 310 979
431 104 494
431 111 39
432 664 878
432 620 752
432 298 259
432 673 173
433 133 745
433 759 749
433 733 978
433 735 115
434 401 162
435 594 104
435 804 575
435 293 469
435 329 317
436 817 835
436 760 104
437 622 235
437 627 537
438 552 449
438 209 760
438 320 19
438 118 601
439 370 524
440 62 938
441 541 533
441 72 107
441 334 817
441 706 869
442 368 877
442 70 758
442 437 253
443 933 172
444 601 693
444 596 101
444 118 623
445 65 108
445 922 316
446 686 104
446 206 29
446 543 432
447 119 655
447 324 141
448 849 418
448 126 977
449 288 403
450 727 756
450 409 495
450 215 641
451 214 149
451 316 674
451 350 997
452 860 259
452 332 700
452 459 28
452 730 723
453 305 88
454 789 248
455 160 148
456 768 426
457 940 103
458 53 785
458 214 923
458 177 702
459 838 810
460 438 74
460 142 876
460 27 943
461 685 944
461 447 9
461 678 123
462 697 191
463 688 556
463 20 337
463 353 236
463 810 629
464 720 948
464 513 99
464 661 518
464 982 706
465 851 390
465 546 651
466 772 179
466 542 849
467 166 89
467 290 204
467 512 561
468 993 77
469 781 916
469 993 253
469 411 139
470 790 220
470 246 564
471 880 353
471 222 854
472 686 241
472 650 370
473 238 723
473 646 723
473 579 976
473 79 574
474 75 300
475 530 242
475 561 820
476 81 716
476 918 289
477 872 177
477 675 342
477 923 377
478 675 181
478 270 347
478 215 584
478 907 261
479 499 168
480 898 982
480 578 254
480 367 445
481 745 912
481 103 602
481 291 261
482 129 755
483 78 171
483 443 873
483 108 116
483 180 514
484 203 849
484 880 418
484 855 999
485 599 434
485 217 476
485 372 383
485 819 390
486 559 107
486 726 491
486 15 842
487 356 348
487 823 490
487 671 262
488 257 340
488 940 25
489 654 361
490 19 485
490 757 400
490 794 836
491 149 838
491 591 717
491 2 160
491 532 961
492 449 96
492 700 93
493 136 21
494 383 903
494 455 597
494 11 823
495 907 757
495 181 387
495 502 375
495 703 784
496 525 168
496 916 819
496 690 596
497 264 24
497 267 350
498 141 827
498 668 926
498 990 960
498 468 473
499 714 686
500 379 337
500 243 982
500 802 641
500 832 17
501 263 410
501 85 627
501 896 595
502 413 488
502 811 905
502 834 674
502 286 277
503 202 706
503 886 171
504 619 997
504 698 859
504 511 345
504 147 796
505 218 608
505 276 622
505 363 981
505 337 683
506 897 302
506 300 845
506 171 25
506 861 68
507 601 784
507 877 957
507 614 670
507 4 976
508 82 688
508 172 729
509 896 412
509 650 138
509 851 232
509 506 947
510 11 707
510 306 551
510 287 696
511 673 180
511 2 326
511 18 755
512 417 888
512 95 566
512 242 483
512 783 591
513 776 490
514 964 241
514 347 917
514 606 868
515 921 398
515 685 35
515 283 655
515 435 40
516 344 393
516 733 783
516 286 349
516 981 698
517 623 736
517 559 138
517 617 641
518 26 814
519 505 139
520 570 415
520 290 942
521 712 711
521 858 904
521 811 862
521 821 284
522 948 962
522 278 137
523 709 589
523 511 335
524 274 784
524 916 798
524 299 366
525 448 283
525 181 156
525 464 641
525 48 336
526 906 43
527 340 674
527 924 983
527 690 268
527 71 489
528 907 963
528 624 567
528 896 140
529 970 138
529 754 524
529 962 6
529 260 193
530 492 550
530 200 467
530 359 847
531 927 929
532 784 640
532 48 89
532 845 159
532 717 242
533 511 848
533 438 166
534 630 323
534 701 644
534 9 516
535 352 872
535 975 693
536 625 974
536 14 482
536 980 796
536 717 75
537 84 729
537 379 210
537 925 598
537 977 285
538 321 85
539 618 721
540 351 659
540 810 475
540 647 136
541 48 216
541 818 954
541 52 52
541 564 524
542 207 403
542 249 588
542 697 513
543 719 418
544 149 241
544 955 821
544 370 326
544 683 521
545 960 123
545 706 51
546 160 748
546 125 310
547 995 983
547 13 896
548 728 33
549 365 991
549 202 995
549 39 609
549 967 835
550 646 956
550 287 578
550 324 162
551 276 154
551 342 610
552 774 282
552 729 539
552 817 390
553 305 390
554 968 878
554 622 427
554 38 656
555 567 240
556 783 534
557 730 896
557 624 830
558 300 110
558 704 25
558 545 324
559 734 846
559 761 285
560 298 143
560 57 918
560 558 0
561 977 881
561 757 496
561 837 542
561 451 676
562 346 242
562 86 439
563 564 675
564 102 350
564 286 824
564 400 41
565 49 548
566 409 499
567 453 142
567 938 991
567 18 329
567 214 734
568 141 400
568 805 681
568 3 794
568 927 775
569 909 6
570 62 627
570 972 599
571 983 699
572 991 717
573 815 734
573 561 80
573 201 632
573 455 11
574 90 284
574 937 36
574 22 533
574 702 688
575 199 841
576 828 652
576 126 20
576 193 694
576 468 540
577 925 902
577 437 74
577 674 742
577 377 482
578 892 262
579 291 747
579 754 753
580 49 73
580 931 731
581 631 838
581 468 658
581 113 752
582 667 494
582 900 171
582 543 58
582 334 863
583 939 406
584 47 871
584 345 784
584 648 791
584 798 694
585 721 515
585 164 261
585 866 773
585 324 997
586 523 889
587 716 699
587 874 531
588 620 691
589 958 900
590 831 266
590 839 445
591 33 831
591 934 440
591 888 936
591 829 761
592 383 14
592 867 479
593 117 449
593 162 835
594 872 387
594 461 156
594 341 782
594 192 390
595 370 33
596 544 959
596 929 59
596 867 992
596 320 319
597 553 380
598 192 71
598 850 655
598 72 812
598 288 13
599 669 540
599 406 630
600 262 399
600 61 331
600 342 972
600 474 556
601 661 568
602 657 326
602 392 239
602 576 764
603 741 873
603 192 832
604 150 772
604 259 991
604 684 697
605 993 105
605 71 925
605 656 47
606 240 484
606 363 554
606 176 426
606 917 727
607 122 280
608 104 303
608 134 163
609 219 585
609 743 344
609 865 96
609 610 989
610 252 185
610 64 589
611 829 996
612 325 581
612 621 174
613 919 799
613 629 936
614 206 94
614 661 145
614 175 639
615 163 48
616 843 507
616 633 571
616 531 566
616 984 754
617 329 931
618 11 670
619 834 390
619 410 413
620 13 912
620 363 741
620 56 515
620 592 915
621 976 972
621 475 590
621 250 696
622 91 328
623 31 801
623 598 88
624 196 138
624 542 832
625 652 775
625 113 151
625 275 860
625 164 925
626 441 725
626 11 262
627 112 582
627 155 685
627 530 660
628 106 694
628 350 215
629 498 279
629 249 715
630 9 132
631 22 550
631 759 877
631 835 546
632 862 751
632 122 919
632 235 493
633 211 294
633 148 70
633 118 333
633 793 337
634 120 588
634 366 16
635 941 899
636 616 121
636 613 784
636 145 290
637 241 225
637 228 539
637 591 291
637 184 872
638 407 180
638 16 515
638 704 787
639 901 160
639 845 597
639 261 156
640 756 179
640 427 30
640 834 378
640 855 885
641 519 820
641 729 870
642 688 424
642 950 93
642 352 845
642 79 268
643 432 220
643 37 125
643 261 728
644 712 492
644 488 163
644 155 340
644 945 551
645 807 948
645 204 791
645 207 474
645 637 612
646 554 651
647 412 989
647 341 766
648 708 458
648 266 823
648 956 590
648 385 89
649 141 930
649 840 303
649 905 842
649 328 393
650 325 285
651 916 475
651 570 377
652 504 560
652 142 696
652 28 212
652 167 47
653 926 0
653 351 894
653 341 872
653 816 794
654 535 511
654 457 322
654 141 248
654 96 796
655 634 133
655 221 859
655 395 328
656 367 287
656 892 781
656 655 322
656 566 36
657 808 353
657 927 338
658 830 678
658 428 18
658 751 16
659 839 945
659 571 476
659 885 360
660 920 304
660 471 201
661 304 165
661 384 622
661 209 645
661 612 252
662 873 491
662 775 923
663 137 68
663 29 566
663 2 740
664 827 483
664 322 346
664 565 511
664 947 332
665 754 864
665 666 321
665 253 459
665 69 620
666 722 965
666 403 836
667 378 440
667 231 238
667 714 893
668 318 301
668 993 734
669 954 761
669 369 27
669 456 99
670 359 762
670 36 466
671 967 792
671 166 440
672 827 372
672 992 1
672 3 908
673 682 533
674 251 687
674 432 395
674 863 844
674 788 841
675 478 271
675 64 656
676 964 582
676 28 203
677 736 674
677 363 306
677 814 506
677 382 718
678 856 95
678 5 301
678 564 566
678 557 199
679 520 778
679 131 367
680 388 87
680 997 288
680 775 524
681 79 233
681 532 936
681 318 876
682 927 605
683 843 358
683 40 700
684 856 489
684 146 576
684 129 292
684 880 759
685 82 290
685 919 908
685 44 433
685 713 825
686 106 431
686 818 343
686 289 711
686 886 325
687 223 30
687 145 290
688 973 142
689 949 805
689 957 225
689 885 365
690 521 180
691 427 732
691 454 559
691 400 758
692 62 308
693 876 118
694 1 136
695 448 384
695 944 936
695 748 29
696 71 726
696 150 875
697 409 325
697 318 309
697 83 76
698 396 952
698 621 341
698 897 6